ID,CC_1,CC_2,CC_3,CC_4,CC_5,CC_6,CC_7,CC_8,CC_9,CC_10,CC_11,CC_12,CC_13,CC_14,CC_15,CC_16,CC_17,CC_18,CC_19,CC_20,CC_21,CC_22,CC_23,CC_24,CC_25,CC_26,CC_27,CC_28,CC_29,CC_30,CC_31,CC_32,CC_33,CC_34,CC_35,CC_36,CC_37,CC_38,CC_39,CC_40
s0500_re_0,0.0052696901421636026,-0.041344829188136784,0.02058659453218504,-0.03784473147029922,0.01057474835474558,-0.02418375166126453,0.01112340407198748,0.007224368623019434,-0.0538396098521182,0.09142753289335455,-0.10866474858850422,0.0776850855170943,-0.06837002562433912,0.03727533867082851,-0.022620892386116035,-0.030563264001723833,0.07722063919354004,-0.08637011814019063,0.07055187242181507,-0.03560393967616868,0.023125339652740072,-0.01349052021757651,-0.004974878593961588,0.02783680408222965,-0.03829234728469893,0.030511873147702075,-0.014594334364803946,0.011156634919618321,-0.008707366450325438,0.00535280476662011,0.00767500196161374,-0.01485690772579059,0.014762365487213897,-0.009803901421473252,0.007164001445555117,-0.007288228443651439,0.005378632098956792,-0.0007658069646963635,-0.002611952180672725,0.00524871002741247
s0500_re_1,0.00621039002040389,-0.04169398231276001,0.02278901358372109,-0.03925991318519544,0.013005506116421523,-0.02532996529392376,0.013120124589196345,0.004674687425640081,-0.04948710715676863,0.09067754275765451,-0.11138240655930805,0.08489366286804642,-0.07433763529516575,0.04185220367987498,-0.03050007096230366,-0.02130441290147845,0.06988737152799297,-0.08869777152045392,0.07821436753630248,-0.04314537484575824,0.02695814167390861,-0.017026299243230684,0.0012038319841037913,0.020984990792240518,-0.03728030508712299,0.034617027909648115,-0.018734675216816227,0.012295559145980095,-0.009378342741856593,0.008813855155746949,0.003073348385025971,-0.01269279912109332,0.01625427160767474,-0.011834142340838443,0.008106986403305054,-0.008037067308535983,0.007585837690753489,-0.0037744103883057896,-0.0002879055489436604,0.004249967607558027
s0500_re_2,0.005688783747142488,-0.03922114697162689,0.021875210480657478,-0.03736025548805999,0.011875518616742232,-0.023569214175446707,0.011575868333710314,0.003750427806142693,-0.04628723394285896,0.087054403640645,-0.10946207513920125,0.08603003286706175,-0.07309005398300923,0.0394735251147366,-0.02997966179820569,-0.01786547771412227,0.06456222499799749,-0.08973597732054488,0.08413829552331539,-0.04778825608343079,0.027420548077603146,-0.015132191721611468,0.003172047176035955,0.01746811060626425,-0.036849625338100066,0.037729489936649346,-0.02357034169550513,0.013441338248735349,-0.007119574110595325,0.00852671912163235,0.0008747494736308243,-0.011153717314626402,0.017931861802771103,-0.014096778470747695,0.009221244814602245,-0.007638347503234081,0.007563918590517323,-0.004826056901884928,0.001465467351767219,0.003662715714061567
s0500_re_3,0.006377623119450353,-0.0390593336839433,0.01979489105303768,-0.03629626636323044,0.009835750601795559,-0.02303597060459798,0.0110971493762591,0.0057020175049681265,-0.0501285924195403,0.08874881566872247,-0.10620667885232715,0.07810191481345541,-0.06713416088076506,0.036068358747594,-0.024630914807010885,-0.02738796137457024,0.07316877145969337,-0.08766378038251957,0.07346912215521713,-0.038211444697197096,0.023587752837433924,-0.01318006086006787,-0.003683039566470651,0.025802210675331203,-0.0388677087293188,0.03274990943162789,-0.016491870346620658,0.01064323137632153,-0.00793961054976381,0.0061750526233626665,0.006425649284860742,-0.014291341708130883,0.016158294702826058,-0.010746454927445954,0.007383976171367917,-0.00706590711468181,0.005796943957041247,-0.001760321149622608,-0.00191151478540402,0.0051983896460110176
s0500_re_4,0.005645824459930757,-0.04096784418821324,0.01969684511483488,-0.03725871647782951,0.009916227668086133,-0.023319736026881296,0.010184839628557105,0.008406684121557276,-0.054927483545282416,0.09209896825606986,-0.10901055800398846,0.077222956067674,-0.06718752217945792,0.03542354612989509,-0.020189701921081955,-0.03359119499999321,0.0798627485050768,-0.08846694342807364,0.0715477595584483,-0.03555504540804538,0.021881736443052392,-0.01164356544027718,-0.007279915878241532,0.029437848134946067,-0.03952116369772634,0.03155854349105436,-0.014609933620010146,0.010564663728516364,-0.00808740657484634,0.004338786099408557,0.00886872302920499,-0.015672967723608322,0.015380546833332046,-0.009917611064982765,0.00704505381231846,-0.006985050457177885,0.005051961906474031,7.888189859746807e-05,-0.0032966754152662344,0.005599001694942076
s0500_re_5,0.005419640538163026,-0.04190257103450758,0.022914435860985915,-0.03849019317440371,0.012320699298290166,-0.024771974168997162,0.012185362264877687,0.010168339235731544,-0.058010247301743645,0.09720607000348432,-0.11185448252458415,0.07906801164777136,-0.07072966827506183,0.03770154302467539,-0.020495061786176008,-0.03789999173759076,0.08348489424557361,-0.08858192527046496,0.06917860133196935,-0.03463846639904965,0.02375641271391735,-0.012369520529800447,-0.009004062350134021,0.03167197571606186,-0.038980044820396194,0.02891670517422335,-0.013643480985230426,0.012207247704544,-0.009364368340715511,0.0032616011948322582,0.010265771845975755,-0.015781465816435837,0.013805500789634032,-0.00906709675934801,0.007633887316335023,-0.007500788738078797,0.004806446419683736,0.0007669517953913423,-0.00386502877138558,0.004823617643334669
s0500_re_6,0.01350436686192752,-0.023259882786601772,0.03209044546999679,-0.027281958660172856,0.024732633621178807,-0.006622307938863274,0.03161804871707593,0.009568306775035347,-0.023582264936902467,0.05621809981834199,-0.1246653466718391,0.061941178893991304,-0.10301549512249975,0.05047461802671718,-0.013469427280890954,0.05958574721773163,0.07034320051158172,-0.048304934157620646,0.0709440418481173,-0.11645028517645443,-0.005987763096958816,-0.05432324153506716,0.016764144784927142,0.027102205568999976,0.027586235103220516,0.06303623594240963,-0.0322122086851236,0.0025866517352863207,-0.05268617497659345,-0.02856135502037059,-0.024067205655268792,0.014542938660957364,0.03342577357530736,0.013886183591213231,0.02611726949918787,-0.026523133457331913,-0.028037152057916764,-0.043130240416390984,-0.01810810090461913,-0.008169389169133208
s0500_re_7,0.007067581083301873,-0.004664948044782615,0.013662022961407066,-0.011658247718482888,0.012512349284344209,0.02832029751236011,-0.004220223977476443,0.02614628021076336,-0.023036776030715037,-0.04704552006436822,-0.015305410691092109,-0.03613004568855258,0.0210265809570078,0.06524792067151633,0.03613360479088748,0.030048022383195757,-0.023163149699727114,-0.07040216166961019,-0.03983695446453387,-0.012333172908548384,0.028082094588404802,0.06122232872775577,0.03478196683090903,-0.001115426011168662,-0.02916186808959673,-0.05009762243893758,-0.0257200230312812,0.010548582797150529,0.036318198338349664,0.04042626647819048,0.015846133390623393,-0.021934111886109817,-0.03407541962473521,-0.0282990292102575,0.0045102917868779955,0.026467198174019053,0.03464978171606815,0.012304821909970693,-0.004777749322005997,-0.02780453327572748
s0500_re_8,-0.0022264898339047047,-0.028775640400486482,-0.01487261061452947,-0.06676461449966374,-0.07462045414545783,-0.07959065839830387,-0.13747719511314382,-0.09845774323124967,-0.10429634865169901,-0.10365548774745088,-0.02024014883488182,-0.0122353599360888,0.019133573471172477,0.07327508855618854,0.05386331339562159,0.0627313886899299,0.07017572658318504,0.031683301310863866,0.02081847977795014,0.002519847223800361,-0.03236409355053063,-0.0351432747502072,-0.035114052115533964,-0.035334020490848966,-0.016246253307912063,-0.0043544992028332116,0.0030806543991913644,0.014512394065338514,0.015032681853427921,0.013406374329520871,0.011917684430321518,0.004875140539778905,0.0005796407389423143,-0.0018310946517587543,-0.004601339847494184,-0.004282381352328781,-0.003430837682367367,-0.0022039458640132122,-0.00037751308313446264,0.0003291836754043067
s0500_re_9,-0.04312317223589956,0.08862333023177725,-0.08148600987692495,0.0826075957015601,-0.07935622230960257,0.09170907579577932,-0.0409878592009636,0.042104892925125086,-0.012802172607814608,-0.015435694848529396,-0.04679114659659543,-0.02491670941642122,-0.008345873914466721,-0.008135329785245062,0.0751048257348298,0.03889884553354089,0.022103853988696506,0.0015554036097117855,-0.048793598737353054,-0.06505577509190863,-0.02282453914896676,0.00784184138646416,0.028685857075717913,0.057778570169143735,0.03283260110368181,-0.009179549904729214,-0.026639086825777956,-0.03958120388172464,-0.037458927175502026,0.0033709769119814963,0.0304334428070439,0.03687636677799444,0.02686660868078668,0.0033641189909746102,-0.0315666773518047,-0.03182752615045716,-0.02093758241185352,0.00688971498822872,0.021391870557855446,0.035197996653762005
s0500_re_10,-0.0039985951370936496,-0.026519052683600476,-0.012457066183657512,-0.061655522974795464,-0.06790374810337382,-0.06890252611829083,-0.126471383735291,-0.08743083357991284,-0.0923385136246931,-0.0967671446494472,-0.01666747258018711,-0.010153564726957037,0.013124895596228115,0.06699654038966926,0.04750565918327851,0.05279996901151485,0.06444661507655176,0.028937526469795125,0.01782618627421174,0.004635854825663946,-0.02798414517103255,-0.031070822583880085,-0.029256018348150916,-0.032188989604058846,-0.015314240713711035,-0.0027786893695733034,0.002019520670087981,0.011684841611136556,0.013426574959354726,0.010916851242856039,0.009806244369418533,0.0045422299942311905,0.0008057807761295646,-0.000684138115612623,-0.003899671242445203,-0.0033588445053533457,-0.00263118721988469,-0.0012490928611416643,0.0001997644341433745,0.00039735118374121793
s0500_re_11,-0.047204790829097905,0.07068508932903153,-0.09977180875939252,0.040841790967395424,-0.14151496040670397,-0.0044770709821136245,-0.137066431282025,-0.08490904717898276,-0.10852535716068983,-0.07915591174062322,-0.08264294347551873,-0.04027494162167806,0.020510166045009215,-0.006898467551994981,0.05425518971090057,0.0656050485546079,0.047330062268556246,0.050608249503260073,0.05765117095879314,0.024321512334550675,0.002729381388890547,0.0016246277091636985,-0.024175599113378386,-0.04038267044137688,-0.027308143882198224,-0.024329351977485227,-0.023557248343082312,-0.005587007439796277,0.005866449874103192,0.005161384102037669,0.011750165960776663,0.015850895060602464,0.009678702521420252,0.006202625961129316,0.006120273503536131,0.0002750389607280994,-0.002805378181742064,-0.0019621321190585995,-0.0025958256228703408,-0.003923524795067467
s0500_re_12,-0.034978148051103684,0.08650685307271823,-0.07973754412244582,0.07838902252622888,-0.07519039568051109,0.08797028631320417,-0.041094585892755324,0.04433300542836507,-0.011983115562866707,-0.014215970909784721,-0.04223423195346016,-0.024488460182105105,-0.01634095110778362,-0.008607072394808553,0.07014844077800858,0.0322925669951412,0.033933089863942965,0.01057381683600508,-0.04768901136115656,-0.0608765480676636,-0.02993190557878963,-0.009212099044901726,0.02420567700390047,0.059213663102921754,0.03422617957590435,0.004105225167262972,-0.016285682131603505,-0.04368617785506593,-0.04386486330404082,-0.007293037531240806,0.014373964011058515,0.033656981475831786,0.03581256901360218,0.012353083349252175,-0.023052567135997834,-0.031316912879314575,-0.0355028339271309,-0.010575755426118785,0.00932767620426852,0.029493839058618975
s0500_re_13,0.0007356571355670426,-0.024899888199720423,-0.00960789944688548,-0.05813016050638456,-0.06050318909993326,-0.07259095896523597,-0.12356210762312744,-0.08890935413727462,-0.11485630312505964,-0.10549609925300137,-0.04099124400529283,-0.046946650312001785,0.005765399200224748,0.04846461268822969,0.03527157298300946,0.06900709459995036,0.06684929708848938,0.04224945926592402,0.04934996734449973,0.02039367395549723,-0.007215333650075959,-0.012332498773111855,-0.03498224996456461,-0.03825073922693334,-0.026802590656583462,-0.02507309275659366,-0.010491758369474516,0.002278059300406901,0.005729344689974471,0.013533783663788197,0.014260641516759365,0.010672142827017136,0.009372905416048898,0.003983913908065141,0.00029183526428355495,-0.0013669557934184917,-0.0037505409174742516,-0.0034322899857111146,-0.00264415304634957,-0.001980328652816203
s0500_re_14,-0.04442636854929699,0.08858921150704634,-0.08017265313721618,0.08226521758590463,-0.07879411923374743,0.08906221507603868,-0.045047490770654015,0.043303196483911156,-0.013586463056674429,-0.012376003853126266,-0.038508092110756655,-0.020091942936106996,-0.011082626468468833,-0.008969021087277367,0.06759869747461357,0.0270648857070351,0.027806300536920483,0.007344632437237009,-0.045008311821693306,-0.057056054219392686,-0.02432758644149109,-0.004516973824286822,0.023569410481140692,0.05566648443932045,0.030158771594298698,-0.0006062843128512487,-0.017749643099286123,-0.04026995835458078,-0.03866492122185622,-0.002680678983434906,0.017011067131148753,0.03127315832916318,0.03152662939750833,0.009646422581038675,-0.023748602078601577,-0.02929337528160191,-0.03025922652057627,-0.00694933104308847,0.011781809857312564,0.02906907697998797
s0500_re_15,-0.0033114174237977123,-0.022213451899331924,-0.010157737529576362,-0.06029935169744392,-0.06581362029879868,-0.07271324534170288,-0.1281300315547669,-0.09097772421202811,-0.10351132459133197,-0.10241603439827947,-0.02571106661293095,-0.022767903488641016,0.011703995893948818,0.06269948200227227,0.04551908604770349,0.05934644985262178,0.06727729965698293,0.03388338217696981,0.02776902715881155,0.009841945249855667,-0.023940226114146566,-0.026931568355656348,-0.032366433859926394,-0.035233011314954835,-0.018462847907514703,-0.009413632741122157,-0.0014489665571530684,0.010120672773647409,0.011869675957153289,0.012120639464251053,0.011713550142878166,0.0060313631781481756,0.002912800050206354,0.00018486597567227383,-0.00323452463416615,-0.0028393795750389474,-0.003008443698269001,-0.0018910088069388497,-0.0006075242129177497,-2.3761684329321866e-05
s0500_re_16,-0.05185511578346312,0.07679782538431958,-0.1071033293241708,0.04617253209201751,-0.14598874488913252,-0.0028120525529615886,-0.13991644848096682,-0.08573825130902023,-0.11074074340796242,-0.08393201987549416,-0.08356564650505441,-0.045672948887889225,0.018263962314258114,-0.009770964193480768,0.05458242432601213,0.06435835298904787,0.04814891394276279,0.052740717290319435,0.05947566402846611,0.02735728197703211,0.006251281659721553,0.004984722066060189,-0.022874272619314812,-0.03966970701501351,-0.02827463786052508,-0.026601119147815162,-0.02561476860080347,-0.007397272756476293,0.004118338491724526,0.0037412239694911563,0.011437369587736603,0.01593872991708346,0.01044676261192281,0.007630875630765617,0.007202047807992253,0.0010165456818046978,-0.0020899790946250344,-0.0015082796506227841,-0.0023057073337612293,-0.0038827514357092914
s0500_re_17,-0.05344837147979994,0.07954106539015052,-0.11007271449546341,0.048577510529981105,-0.14875261783303073,-0.00029766512221609783,-0.14256698625673214,-0.08430091905557822,-0.11149121209668389,-0.08463202933253816,-0.08417036613769567,-0.04525425374005602,0.016487563171894513,-0.011550998284561432,0.0559420327053204,0.06284152637739261,0.04752290809664646,0.054430471938558427,0.06014618337089279,0.026968927775698644,0.008401318909126904,0.006430269429694925,-0.02307428439838483,-0.038855827814169935,-0.027297396414491668,-0.028053479766493118,-0.02703748307826033,-0.007630797847626606,0.0029529589931775405,0.0030133572756721326,0.0118661167629532,0.016068204959730388,0.010380013615706549,0.008266005454843833,0.007933348930606463,0.0012198308342322036,-0.0016632208432727888,-0.0011489622111499145,-0.0030709604172597087,-0.0036430426704488037
s0500_re_18,-0.04309450168470011,0.08909691590710732,-0.08026423843527511,0.08201585838121209,-0.07842045545432896,0.08985897759232234,-0.043218055572047616,0.04382405554632775,-0.013256592521855789,-0.013137863466718882,-0.04142858695871521,-0.023650532305342052,-0.012504647608688444,-0.009818432326732796,0.06922535744899458,0.03168863626699835,0.028775093181151873,0.007944412977824526,-0.045541475379692914,-0.06092485752899311,-0.026419750567676238,-0.0038990254924659365,0.024039181866965485,0.057223859436330154,0.0333769658897144,-8.237112017990512e-05,-0.01856974161591283,-0.04048687483080729,-0.041375856241287944,-0.004303340891919154,0.018435771968256742,0.032532283958594595,0.03211711479439789,0.010412783330763096,-0.02431605820220761,-0.030190532101970032,-0.030536856986965774,-0.006728491694215194,0.01171762884454007,0.030366301087038226
s0500_re_19,-0.003176170012963783,-0.023853609542745013,-0.011579423369674253,-0.059652197803373955,-0.06388891919411475,-0.07167622523855309,-0.12387472961720823,-0.08789255384511586,-0.10378194171499129,-0.10049779353928155,-0.028534829478685714,-0.029415155094750102,0.01030059313156335,0.059588773605754784,0.041219627855920024,0.0617483841753757,0.06665633596801648,0.03432180524439661,0.03374404201703639,0.012923767917266037,-0.01906616706125091,-0.02234183154851123,-0.03343347811002032,-0.03721376065144255,-0.021155976392585672,-0.013477985899087566,-0.004262169129528711,0.008321564228634911,0.010512972192433932,0.012828152257137586,0.01316711679875037,0.0073675517344025535,0.0048895577519012115,0.0012031022320642053,-0.0025978097525824603,-0.0024487191389664033,-0.00354289390012545,-0.002953349766025212,-0.001374635820430201,-0.000706100445438386
s0500_re_20,-0.04993232356592421,0.07047245524642687,-0.10480736191986406,0.04161653500107843,-0.14182691563159128,-0.00015452433375908497,-0.14108144393109331,-0.0768111672638273,-0.10924552607330978,-0.08492805182615905,-0.08666811556700084,-0.04215854093251432,0.0028603149377654687,-0.015344433688073505,0.06013939973829478,0.05300133042381466,0.046228160927930785,0.062274817369268674,0.058140134011428396,0.02639682678697031,0.021264366680468962,0.012152966528063216,-0.02312024906496457,-0.029680250863131814,-0.02566931850162229,-0.03717091540339627,-0.029099224470732356,-0.009308599086993483,-0.006145288191998699,0.00036496800327593255,0.01414209445678505,0.013665939102515328,0.010536792284734371,0.013962943864941794,0.009521980164019844,0.002382673119451274,0.0021004533057491412,-1.8727764893231803e-05,-0.0036541647961149232,-0.0021318532810271347
s0500_re_21,-0.04055852098569019,0.08505805909699156,-0.07764545745596481,0.07875762441970417,-0.07610707276679524,0.0887143791399627,-0.04230173742071217,0.05040923254405965,-0.010074515048780871,-0.007542632879922182,-0.03978241568637414,-0.027426442152081957,-0.029758785169327864,-0.02111160333346029,0.05601364610725559,0.02764724589292598,0.05019396086994653,0.03119643518100425,-0.027423716560639477,-0.05187010317655976,-0.04295422395129975,-0.03806352098034093,8.005089545218535e-05,0.04580783500585722,0.03987647317264927,0.028856616918639322,0.01035289810317896,-0.031098104845430415,-0.04646416115843414,-0.03156887522881945,-0.017751996231966785,0.011071146521159968,0.03532552490134392,0.029173438787847568,0.005909975361622788,-0.015450762838437796,-0.039606505038681884,-0.03911313255453687,-0.02231415352628818,-0.00047091835957044755
s0500_re_22,-0.0022367931185170785,-0.02221853687999968,-0.009816052056099584,-0.05517615515164256,-0.05852795704248703,-0.06585608198565984,-0.11640606702509874,-0.0840698696686594,-0.10109539949436284,-0.10202247061951764,-0.03500332856673616,-0.03839399074253918,0.0008041302610628895,0.050494831606576376,0.03413348324711609,0.05878059322891474,0.06536447354278642,0.036678733521943514,0.04124783699880972,0.022761435090106776,-0.008967776775456182,-0.012672553639841192,-0.028786680767528022,-0.03801562086636094,-0.02415267167044623,-0.020142264705856467,-0.010694279583733353,0.003263132974688666,0.005865368495933764,0.011022454153390256,0.013478418309792335,0.008813350803121333,0.007696915779691771,0.003918428001796165,-7.431967417214302e-05,-0.0007213318575901235,-0.002874485953561909,-0.0033145836625847053,-0.0019842118125234197,-0.001863653246085886
s0500_re_23,-0.04846800038161225,0.07080471652222406,-0.10185099943133069,0.04281836459104746,-0.13967443674588262,0.0002471302196373513,-0.13706357980756007,-0.07839134277651212,-0.10656029650105447,-0.08247117725103668,-0.08482480535164753,-0.04286773405270319,0.008712642650542805,-0.014978137788827523,0.055197112385490105,0.05708914284878923,0.04394990685192427,0.05582911776615498,0.05856863176575073,0.025516992975204107,0.014506130476907957,0.010968529329592906,-0.02159709198961083,-0.03327947685168528,-0.024968262941486942,-0.03134936345049053,-0.027887923483634412,-0.008043233345665942,-0.0014673149401347998,0.0005299324720489844,0.012164694209352846,0.014750644254155353,0.009286400419710303,0.010361797385448906,0.00883226918072638,0.001809150793759122,-0.0003088159161853173,-0.0002212846001750634,-0.003309078008354653,-0.0027716783485185613
s0500_re_24,-0.05083449127820847,0.07549568737858747,-0.10722000290053701,0.04556006609816644,-0.1459991264823184,-0.0014867171923278806,-0.1411026821535292,-0.08342798275425843,-0.11047134043735571,-0.08362397525807705,-0.08452645922942414,-0.04374546323099584,0.015396042825015345,-0.010884477221945736,0.05632581839105189,0.06280089359403672,0.04765188854274732,0.05437693357799944,0.05981725987532752,0.0260777934255178,0.008829651501084132,0.006445017682741803,-0.02338897872552136,-0.03818511968297767,-0.0274115757605429,-0.02902705094682493,-0.026867324734035726,-0.006898657299878714,0.002478211131790796,0.003135844402904338,0.01220558123521749,0.016245834315839848,0.010435558439714464,0.008580673115011917,0.007817666764248414,0.0009514601004656725,-0.001746309510863784,-0.0009476087568745651,-0.003110389822936929,-0.003591384564673092
s0500_re_25,-0.05352303753042302,0.07609662994511988,-0.11238896739036247,0.04542663179151844,-0.151192742920362,-0.002456625879634826,-0.14399939709645473,-0.08500780838141145,-0.11070751210864792,-0.08257121850187839,-0.08131264190005574,-0.0405919730282792,0.02214115176074175,-0.00672066933233938,0.059727873532916566,0.06628721520819526,0.04868975041093419,0.05396979327451189,0.05812643001445687,0.02399959752010635,0.004112382523185016,0.002354739535707243,-0.02665003195395988,-0.04159074262221878,-0.028190866561237208,-0.027637925613444216,-0.025098783788739386,-0.005002315700037036,0.005517345356348589,0.005262161528025702,0.013425020952549101,0.016855946011111303,0.010430481554385416,0.007812338397902168,0.006939093045602255,8.055187032439642e-05,-0.0028317098657204835,-0.0020140801712270257,-0.00331514755606068,-0.003931609245214473
s0500_re_26,-0.05224406352857476,0.07787502932239712,-0.11017759432549357,0.04760493526028843,-0.15026777175693418,-0.001536008460231234,-0.14332844453567703,-0.08615924598798025,-0.11241377983600412,-0.08274134203201337,-0.08373523945230801,-0.04293589813062578,0.021210988839540347,-0.008065084272953656,0.05540414534348965,0.06631311163858539,0.04849139375875877,0.05219552323638208,0.0596438909284083,0.026144192998445375,0.0038849724434846292,0.002576803768053461,-0.024338241440497704,-0.0412391296375098,-0.028202480241506643,-0.02567730821024307,-0.02496901187662945,-0.006422873290719031,0.005464411337442948,0.005113772127917227,0.011891310707220156,0.016311595654132056,0.010252188810694651,0.0070803536346511165,0.006721753246525306,0.0006552644909110471,-0.002580637723318773,-0.0019639408521981167,-0.0027822814744185315,-0.003938171757481961
s0500_re_27,-0.05418060090717124,0.07931322016418411,-0.11156540291818166,0.050853338434186705,-0.1485907233359956,0.003386754639027973,-0.13617861332851158,-0.0806520502406329,-0.10398566831547067,-0.0746875395637019,-0.07585050146767092,-0.040337856097550195,0.027083813223321183,-0.006526251663668987,0.05119053767249828,0.06423865037113698,0.04553145910891983,0.04503163663404389,0.054731612006878635,0.024378728046354353,-2.3351998135997317e-06,0.00015602402446879051,-0.022247148068044086,-0.040111068793967475,-0.028123490677469023,-0.020587207381106042,-0.02074571386743739,-0.006083754421270108,0.0072667022308413095,0.005807075296994843,0.010135524653297867,0.014847047465387057,0.009694867166291013,0.005087649439136456,0.00539774425971734,0.0006861747239889668,-0.003377325312788638,-0.0027412277434684467,-0.0020509674090570577,-0.003813374162109314
s0500_re_28,-0.04959678353800746,0.07086567261015186,-0.10405193174777638,0.04231040134958874,-0.14356073905441974,-0.002762324871096933,-0.13605613865965016,-0.08347308477903197,-0.10535684933178702,-0.07622780308981028,-0.0780965989898265,-0.03807403687672047,0.02516839609037716,-0.005117434126103592,0.05361105843714569,0.06590949076665556,0.04687011163754286,0.04746878818770567,0.05543034049465408,0.02321367264509128,-0.00035340301140458097,-0.000349564348444878,-0.024028391171273002,-0.04136880887005067,-0.027076722870400825,-0.021634041426199617,-0.022010073035802415,-0.0050321474093405405,0.007479778571502971,0.006048755468959371,0.011361154857513836,0.015510164866333186,0.009272444985250015,0.005436507888284272,0.0054086613880285584,-0.00036733420816239995,-0.003321329581753763,-0.002335485523501196,-0.0025622061721541634,-0.004108419316544324
s0500_re_29,-0.04850359260832977,0.07321621147120158,-0.10178782498989641,0.04430754605533895,-0.14070314943914755,-0.0003169594428817944,-0.13900814495499705,-0.08115623829647745,-0.1092652341245555,-0.08506655856070322,-0.08773877047936343,-0.043870737648969156,0.00785804518408593,-0.01613027448158114,0.0555621379600576,0.05717564012789883,0.04423421627357887,0.058797296747199274,0.06032272107875913,0.02652062770794484,0.016428266793053373,0.011111912643996582,-0.02321283590614995,-0.03369688068816353,-0.025045100008993217,-0.032604890065002855,-0.028298691554412322,-0.007614870818762813,-0.002240014139961199,0.0002877528684349379,0.01258025454037824,0.014538437581575874,0.009787220218108664,0.010890971692029022,0.008773641126624683,0.001541062541673313,-1.7721165345913446e-05,-0.00039891128868563475,-0.0036755123751123077,-0.002870404084348337
s0500_re_30,-0.05112692929082336,0.07346106322166172,-0.10625317595330903,0.04489391069283955,-0.14103605874089417,0.004882241808731418,-0.14216407164713102,-0.07168713695890032,-0.1088399769018606,-0.08855379274910581,-0.08883912404283005,-0.044915015444890474,-0.008961738812690625,-0.02161160747450849,0.05959278247736103,0.04177901897070429,0.04566256897275835,0.0685863591554882,0.05603304098876684,0.03053145793200295,0.03402587856057768,0.015646139519778068,-0.019130547512370095,-0.018829945545332065,-0.025536401736187125,-0.041935152652068756,-0.027867304464474812,-0.01508662003645851,-0.015235903758547538,-0.0008213762254220361,0.011756322089560896,0.009132219285091246,0.012997259577018541,0.016732608783047897,0.009932807234523562,0.006234588577739753,0.006319166079832552,0.0001842795220076169,-0.0018463940377512515,-0.0006946976532547025
s0500_re_31,-0.04822941386871584,0.07485044165165461,-0.10062352044075407,0.047513097701233326,-0.134942714635838,0.010084602175400638,-0.14032832078867563,-0.064679578360322,-0.11013484605306945,-0.08990303465741174,-0.09413419454698047,-0.05065786339631523,-0.02521253274059495,-0.028999863551217343,0.05114186383684607,0.028096542553092015,0.04446137371963615,0.06862540550434883,0.052978449797337665,0.036870937574496915,0.04538601842157098,0.020830074939739446,-0.007841992112100498,-0.005657280649187918,-0.02348790209152091,-0.04000828810907036,-0.02584938937251279,-0.022601825494413277,-0.02258230121914889,-0.004493145756430129,0.0044072726062238604,0.003126216859424097,0.012905466600802622,0.01596814450803135,0.009879335730060747,0.01025391347982111,0.009493982200536518,0.0020003874112699493,0.0016442419721397405,0.0009390502632964257
s0500_re_32,-0.050329035961274304,0.07628913763854325,-0.10433597408368298,0.04861888261718164,-0.13811139803008063,0.009800840777274156,-0.14019063429403655,-0.06666596625883252,-0.10828849380486942,-0.08899044292639786,-0.09127318955285454,-0.049507749286705156,-0.01824732717313036,-0.028026963347089835,0.05382056582807186,0.033008405518659356,0.04354039443469096,0.06727506372810796,0.05425077220412615,0.033920048881419404,0.040872031987123206,0.02092513049695441,-0.01132799486572313,-0.010485768438317854,-0.023104310844645676,-0.040576522348601,-0.02718510854853136,-0.019248100123548436,-0.020110684137898564,-0.004357800923872489,0.00718414300499557,0.0054872219109589285,0.011926533449989072,0.016350802783044353,0.010140399036145532,0.00836081368707171,0.008427944854794232,0.0018283789835781788,0.00034408257766929977,0.0009855349418248466
s0500_re_33,-0.04112483459437231,0.0860900691576854,-0.07748084547891525,0.0791292085417387,-0.07719455087941449,0.08784744444493874,-0.04511807118718026,0.04845138112511479,-0.009801369264685257,-0.006754357972067882,-0.03646777473318809,-0.022834725612710965,-0.027454977167349865,-0.020966388651962,0.05407467783737173,0.02220934838810517,0.046500683837692174,0.03076846557423367,-0.025199027595290226,-0.04752198743840656,-0.038362832405471926,-0.0370958857620965,-0.0015758348486317585,0.04211530672787083,0.03565656906788289,0.02703176768737861,0.011706973706539232,-0.028069591358779115,-0.04224575922187036,-0.029375118526034767,-0.018828729267829303,0.007810419697547116,0.03276739344267979,0.026782296702838812,0.007149872074889892,-0.012029877037070803,-0.035650487927170765,-0.03755558480189972,-0.022718456223312616,-0.003344650722988888
s0500_re_34,-0.0029712163484080945,-0.025575916609918543,-0.013500513689700545,-0.06026178768710039,-0.06630267333309606,-0.07236358696478236,-0.12604031906364063,-0.09132108148185894,-0.10378561110396371,-0.10445605227964984,-0.030041734899143524,-0.028883136133627516,0.0073781262488567916,0.060761063480276295,0.04356031851483806,0.062103226626940844,0.0707352053446305,0.03757337952217211,0.035645521130377465,0.016528383094550247,-0.019002840606778103,-0.023075037961187064,-0.03389955794202321,-0.040541272266772066,-0.023435213579870225,-0.015280522105168773,-0.00690035830512634,0.007969793324004496,0.011200006856033319,0.012981236822157165,0.014895321350879844,0.009266190296975198,0.00583742276224746,0.0021006383872290302,-0.002571922843482421,-0.003106546280487206,-0.004300204484498672,-0.0040523812352668805,-0.0021564484113049697,-0.001110115762877973
s0500_re_35,-0.0507965964348135,0.07470690527847788,-0.10706461884066873,0.045300728624030034,-0.1467352687038082,-0.0010254600520166808,-0.14241524959460983,-0.08390178013898256,-0.11175098933610411,-0.08368381743730392,-0.08660312547001783,-0.04250740641954845,0.015304601609950157,-0.011931604725946022,0.05708336901133873,0.06255483566131174,0.046994610865681734,0.056202821611192305,0.06075269748639352,0.026529186015174202,0.009764085630278587,0.0070626524554141335,-0.024234072348616756,-0.03892348506728664,-0.026882195617067017,-0.029532179031327106,-0.027538583043167,-0.006926749055555114,0.0019658324904110675,0.002442067949182966,0.012701187200310415,0.016155295943572078,0.010059753839466858,0.009191091856535105,0.008308425216502989,0.0010496135510606782,-0.0014463781664581553,-0.0011265403663547377,-0.0034912935635354582,-0.004052685938473936
s0500_re_36,-0.052737999401745235,0.07934289806214526,-0.11002837779446366,0.04850130723435005,-0.1501737590340891,-0.0008535230946415111,-0.14389883400758935,-0.08656398322757677,-0.11258764347656454,-0.08420848340616321,-0.0854374775730949,-0.04425131458164774,0.019362191343423193,-0.010791797500182875,0.05581124943278455,0.06512693521650738,0.04849204534430878,0.05434145658191571,0.06146592097336182,0.02715646496746203,0.005896296819318571,0.004788466123758409,-0.024359168205245075,-0.04114067814652482,-0.028071454971637214,-0.02690001686024204,-0.02619361757679198,-0.006897808453686363,0.004175051985222059,0.0035081883850844255,0.012051853321233624,0.016503833673180205,0.01043917064002727,0.00789840926200651,0.0076345237240899935,0.0008452930683970396,-0.002373926162737255,-0.0015728319669305578,-0.0031529136539838925,-0.004116131249821338
s0500_re_37,-0.0539219769603133,0.08049919795115139,-0.11197252784626309,0.05020690162264225,-0.15158766199015639,0.0005368268467736282,-0.14204497180405784,-0.08676112799100552,-0.11004220034475604,-0.08086837364089378,-0.08139112565813962,-0.04296076689539955,0.025021879308698515,-0.00817088569875418,0.05443896867808305,0.06682388723323085,0.0482295486695354,0.050214871694998775,0.05878962186381002,0.026179505132380453,0.0013452860603958324,0.0009556546477578119,-0.023940209071584194,-0.04201467186575059,-0.028267069294083652,-0.023444896607085146,-0.024140524674365643,-0.006424523289089397,0.00655042112163361,0.005387846850380523,0.011206668467322389,0.0161523191645572,0.010174581945864127,0.0062531315923407375,0.006867680299494228,0.000723803502975781,-0.0031973279058877023,-0.0023544341719298613,-0.002928232848232176,-0.004358323244347662
s0500_re_38,-0.04283434659444326,0.0883274282584958,-0.0798745511233171,0.08149388538820261,-0.07890674807444426,0.09133038659576824,-0.03886167003299558,0.04269460399095271,-0.007669939863358378,-0.013232800655047686,-0.04676794092669386,-0.02905854645769826,-0.015242767904499771,-0.018749328147940964,0.06989425147645766,0.04251626871902838,0.030322016564389365,0.014521219090590277,-0.037135906506189864,-0.06598618315005075,-0.03303258356851193,-0.006482475783381065,0.014623714476345901,0.05338381439595752,0.041597755686208396,0.005477106283131208,-0.014749884218963196,-0.03572921380403843,-0.046145393715941355,-0.01387214224649284,0.015170224864803142,0.03115765238176829,0.03256865541452868,0.016718780983184422,-0.020616176676090205,-0.03145092545087919,-0.03215553114155642,-0.01145615591397135,0.004774550703661015,0.028025650954304582
s0500_re_39,-0.001569877620073058,-0.02165337184764945,-0.010099646897797777,-0.056660542765890984,-0.06305880696793649,-0.0701982506002865,-0.12524533327228188,-0.09142227163536082,-0.1079863763357741,-0.11027649450894182,-0.03738185235406086,-0.04033527408182403,-0.00020401327326760496,0.05394235886633322,0.03751959283594894,0.06266987783165615,0.07173809751613534,0.040108778116055656,0.04399574847462897,0.023530053781423154,-0.011507608193075645,-0.015519812631168172,-0.03218545734485292,-0.04022494286344196,-0.02573224180466229,-0.02141119567800864,-0.010911364798246819,0.004274762066714784,0.006851274019675411,0.01194076944680504,0.015083964805773531,0.010130286028157675,0.008063275214899362,0.004167459769735235,-0.000418793712403109,-0.0019223106588125366,-0.0037123270061067792,-0.004044659978869576,-0.002307866956939464,-0.001562884269481361
s0500_re_40,-0.04930018857965643,0.0750150028208391,-0.10235127314292795,0.04725525451048595,-0.13560056549784644,0.010093290375746954,-0.14127112254497462,-0.06409834502752397,-0.1096099324953484,-0.09162402712293699,-0.09344852708702704,-0.05152564056161192,-0.02801910130207068,-0.029439207656667507,0.05188920252229531,0.024440364374785743,0.046782419153508864,0.07031296917885113,0.05090332316631824,0.03925128725912587,0.04778507238865306,0.01978870141357429,-0.005540760182072479,-0.0031822900296518066,-0.02508229404280824,-0.03999672970390051,-0.02467348078312634,-0.025430374944153532,-0.02445785398884524,-0.004204582323406296,0.0027207653500671046,0.0024055128913790134,0.014294010912906304,0.0153377409643548,0.01022490316682605,0.011825293985254719,0.009613549408513016,0.0018619465963175335,0.0032268119774845495,0.0007793237641117288
s0500_re_41,-0.05054890232550521,0.0730183138873956,-0.10419625397601563,0.045930731500578234,-0.13611475132575393,0.011145293552037791,-0.14208703022386826,-0.060318264966880836,-0.1101794181815652,-0.09000231864514764,-0.09198949823027809,-0.05103593873266032,-0.031563931621741384,-0.02758064904180059,0.05101884934758695,0.020460858069332222,0.05061810767926797,0.06978220947359219,0.04880200644265286,0.042419467767110114,0.049563806757161405,0.018644704790067693,-0.0010903282787303203,0.00010204407170422187,-0.026625324986487998,-0.03782487853379781,-0.02451296939853043,-0.030036413029619714,-0.025411055263811315,-0.004946812618407705,-0.001356575801201912,0.0020404250671590377,0.015631786271207038,0.014221863498396397,0.011380164925428772,0.014029852236640735,0.010015476218504904,0.0032089690398438417,0.005051524025823989,0.00027283615877379743
s0500_re_42,-0.048765865731964425,0.07484434977324174,-0.10001678735741562,0.04869013901676221,-0.13323691968621632,0.013278509661810737,-0.1395342031546916,-0.06029338384224604,-0.10952178323187027,-0.08947755224463726,-0.09514909594025076,-0.052663386983136405,-0.03271506128408588,-0.032506881590120315,0.0473098724928078,0.019679282259971995,0.044416892282322644,0.06761852040630471,0.049874319613169384,0.040129216874584636,0.04986227077265571,0.02326869003126455,-0.0008792042958319456,0.0014457089794920582,-0.02206349582697295,-0.03739902373222888,-0.024049088762165455,-0.026756598659637115,-0.025866363077353596,-0.006396806405679515,-0.0006786572519898751,5.289448284972732e-05,0.012426904944871467,0.0140069203491571,0.009793984214167367,0.012222484871266202,0.010162167269019709,0.0030510171752695667,0.00398244362352893,0.0016842643883466224
s0500_re_43,-0.04200693406796415,0.08678811668750393,-0.07845920890290006,0.07867106686625136,-0.07769305350466416,0.0878792854492863,-0.04637010357442911,0.05072990830964013,-0.009994919318734476,-0.005823986319934114,-0.03482448938875251,-0.023994864447956368,-0.031530606870044324,-0.022690248344988586,0.05016495472095926,0.018452432679781958,0.053850950983289674,0.035667060515434765,-0.02033020592601134,-0.04083523623915988,-0.04132706544762387,-0.047589895927394564,-0.007306502371361191,0.03609058832445285,0.034297783957426914,0.035783789887222375,0.020326922931071165,-0.023711300264723612,-0.03792976235440945,-0.034726285329805325,-0.029185433311421562,0.0003079780452091069,0.02847179119995733,0.02774612986251348,0.01799458846465642,-0.002830615718414737,-0.03133626491541046,-0.04085010175345577,-0.029894149457759894,-0.016128546305435747
s0500_re_44,-0.0014781901444476757,-0.0213462761670185,-0.009703488499616353,-0.05601775669587463,-0.06023090514737935,-0.06893680949695959,-0.12114005783291336,-0.08748371696478566,-0.10929809701079052,-0.10722266954797949,-0.04117538265252163,-0.046782665052744435,-0.0016590591409092119,0.04824262866883,0.032887035328560146,0.06314905910369102,0.06883995996497481,0.041194084695454616,0.048831253813502284,0.025860060735314865,-0.00486015745339355,-0.009118952383307247,-0.03008753192945988,-0.038930166620811855,-0.026938591537970288,-0.02563744701201648,-0.014463664875699922,0.0005576074470577756,0.004070562205239863,0.011354335110156728,0.014174609926605936,0.010610829180835148,0.010258824008535533,0.005869539477619133,0.0013574418178443873,-0.0004295705319051048,-0.002830830600998921,-0.00366050822122645,-0.00242830824106536,-0.002242960645146671
s0500_re_45,-0.04128963641257706,0.0861288609218531,-0.07847810259552446,0.07962727184845479,-0.07737802387964475,0.08908969838765889,-0.043476373039595125,0.046898203272380035,-0.011491096882968522,-0.010967266950721227,-0.040688047794156204,-0.02441323210033684,-0.021512082330758995,-0.01419740433083356,0.06477462994124444,0.029086929043931228,0.04089435087736439,0.019629362851602543,-0.039047530172688506,-0.05863548284464428,-0.03630072229189849,-0.022564270468822298,0.013335013642668413,0.0551285234204929,0.0382183543503969,0.015729371385346292,-0.005010808895248111,-0.0397944567262152,-0.04795394143586627,-0.01995607133138235,-0.00010017541472897433,0.02500721612794627,0.0377035232953457,0.021693031203819147,-0.010689019158870097,-0.02650366391803558,-0.04170886825920928,-0.027297302279228434,-0.006930688391476081,0.017611067633191188
s0500_re_46,0.0042182456698402525,-0.006052584285293769,0.014035976815615954,-0.014041220085928154,0.012812118813827237,0.022505785731022233,-0.0007861001725705273,0.03336676640444384,-0.019006058554802144,-0.031141015496931282,-0.021214705734144523,-0.05682957952598999,0.003763247662852452,0.034135219150552766,0.03779381021155931,0.06629043595316376,0.010905255240505224,-0.03432738324769446,-0.043327734399554195,-0.058566796106366226,-0.013930249183083582,0.031860814279484326,0.04131977077702114,0.048296894280197164,0.0159409668351132,-0.02470864651100575,-0.037427665655483874,-0.03729216154448174,-0.012176611277593792,0.02641557178890339,0.039637784860679745,0.03589963904558365,0.007826026884257615,-0.021643981349739588,-0.03191865091958163,-0.018765003421597776,0.005026629942193297,0.031516685308064535,0.03317075578105218,0.025770195669900672
s0500_re_47,-0.0034661117655603434,-0.024792318444287528,-0.01172565309048399,-0.0587649165615307,-0.06584565574561589,-0.06742267791042009,-0.12336317400303674,-0.08916490688168907,-0.09439286111524144,-0.10280371254013897,-0.02550273497337987,-0.02019331673527799,0.004426510751630208,0.061575203604941606,0.0444766205147983,0.05345105306549851,0.06871228910113576,0.03481582324677911,0.026966308609413653,0.015373327457158985,-0.020385187025768577,-0.02679608370298839,-0.029265419973669094,-0.03576028626163694,-0.021301912819452297,-0.009522092225915551,-0.004463233444924476,0.00810139054292332,0.01206245698910719,0.010470328939755504,0.012216131027414211,0.007857659431880689,0.003854270245595625,0.0016980468320214436,-0.002627493758747855,-0.0029788720486717286,-0.0031182482116485673,-0.0031436953579638167,-0.0005972038579811285,-4.978947003901903e-06
s0500_re_48,-0.03918266404560467,0.08160495554838587,-0.074740552113771,0.07672648527653114,-0.07418330964506555,0.08712378741665175,-0.036094603985429165,0.03896402325705114,-0.01077053091496782,-0.014005900419922808,-0.0490170301525165,-0.025147932738751377,-0.006881425874376759,-0.00945765783294593,0.07317784858033143,0.0430837247343252,0.019323297766836382,-0.0004782073076720568,-0.04387750219132661,-0.0656513188448747,-0.02434334598759291,0.011764132366246413,0.026928972982345905,0.053288058807189016,0.035081274849427184,-0.009467123037591988,-0.029416873074855507,-0.03586654613840813,-0.035417494644847176,0.0014198789596737145,0.03190828098430493,0.03683871293370635,0.023605481451976235,0.0034361257814114416,-0.030535794740606564,-0.031693137604988146,-0.018946738166614255,0.008721835545714431,0.020623304108161048,0.03436072325893878
s0500_re_49,-0.001762157161011376,-0.024239118220434057,-0.011705994847621953,-0.06203616725844723,-0.07281320019362034,-0.07517179473182688,-0.1355907059495642,-0.10061055973958943,-0.10166031769040443,-0.10846732700703232,-0.025808639164381888,-0.013275106368153914,0.009297376413228446,0.0676999852784326,0.05365838204738919,0.05730948905879985,0.07267485988249216,0.03670009399060824,0.020972284010204918,0.008585150101822139,-0.02763871196071193,-0.03449534628989993,-0.03154618764619117,-0.03495722057503338,-0.01933327748420017,-0.005126941917624645,0.0002919734031351687,0.011117637377520822,0.014361416641645463,0.011972384096892818,0.011750835787496992,0.006177836856084822,0.0013974178285694743,-0.0003109565123783017,-0.003445305535379424,-0.0037593221494276138,-0.00272628674606959,-0.0018660021619607585,-0.0002149322127307356,0.0006427742510185414
s0500_re_50,-0.0524563450676722,0.07967761305854291,-0.10928029529483814,0.04909691761530043,-0.14857150459422103,0.0014545835494391337,-0.1434432521914524,-0.08423990656841218,-0.1119307871795231,-0.08612303611638703,-0.0877858611181585,-0.04548138642923433,0.013092836566430682,-0.015487046232763318,0.05628448492427899,0.06133620487010938,0.04698071554323003,0.05724017566845764,0.06234968358333843,0.02777690245110178,0.011682135633611186,0.009335572829371077,-0.023494348174203532,-0.03789547160001425,-0.026116178001720315,-0.030481423379151072,-0.028776750158002178,-0.007908175881344374,0.0008002040686275197,0.0013690638214560005,0.01237125618154793,0.01597889289348674,0.010163794003612042,0.009796077782578037,0.0087251768782043,0.0012690589422192126,-0.0009479462997341323,-0.0006819618312835855,-0.0031745484542317092,-0.003862458845452172
s0500_re_51,-0.052285692210294665,0.07848187078323944,-0.1081153408432275,0.0496463537036091,-0.14390242470025433,0.006838716112151869,-0.14112002225886777,-0.07464463372165406,-0.10783709679172591,-0.08602042065559792,-0.08851317553063591,-0.045259733678471845,-1.8306651521839887e-05,-0.022692201146396765,0.056847043652915964,0.04843407478802901,0.04209937169387415,0.062492255981870796,0.05970439753372776,0.02796762296472636,0.025608416252517946,0.01655304954176449,-0.020241423686307793,-0.026206657292905746,-0.02320043525842632,-0.03724443134500654,-0.029708168711982577,-0.010721592409034966,-0.009060234012421882,-0.0019233537225878034,0.012190577430743373,0.011876812883043583,0.009728902921118315,0.013896778073091023,0.010172366469013362,0.003953191061206541,0.0032331575855005876,0.0007699849595866815,-0.0031828652963797966,-0.0013904788699154356
s0500_re_52,-0.041352194370576426,0.08464186414077667,-0.07732366080597652,0.07863703152887577,-0.07691269091359025,0.08787928581869081,-0.04426349752727411,0.04656569462629939,-0.010635505012690604,-0.00974747200011047,-0.03915536601511784,-0.02238688085235635,-0.023881460634017023,-0.015935833484617877,0.06124845867339094,0.026446389049550406,0.042127227968922897,0.02360954740351353,-0.035219267345101175,-0.054495169140841376,-0.03587075300345526,-0.027618658464388834,0.008597870326792902,0.05122055474650741,0.03656224823345063,0.018985605361399732,0.000785823341630994,-0.03681589259797292,-0.04596688023201153,-0.0224402383869994,-0.006943983058014953,0.020013894403098195,0.036734109296442954,0.023228280682598374,-0.005331442525537301,-0.022052534112999542,-0.04076864662946273,-0.030787633057447566,-0.011970493029339498,0.010795497861743705
s0500_re_53,0.003893395711716135,-0.005224989910137267,0.01319767514621386,-0.013765768722337575,0.01289580233219931,0.020076903844613456,0.00018440111595777013,0.03278822897103131,-0.019976878714233176,-0.02554228437832881,-0.021382023862625107,-0.05490827684629544,0.00685576177523601,0.027140695398317715,0.03723387051262189,0.0665768968481619,0.008516858380629001,-0.02697433860447368,-0.04366660191914294,-0.062015510432887846,-0.013825385772935041,0.02594227520817315,0.041139738918020016,0.053095660089474896,0.016625831087295553,-0.019595886047538067,-0.0359655962138483,-0.04186274398308973,-0.015115324210836183,0.021790373349075184,0.037062822964184075,0.03986521523430628,0.012270441683700464,-0.016976896997268266,-0.03261986414063662,-0.023918426491557572,-0.00131375849109193,0.028727775435083407,0.033004513335786634,0.030953390874466764
s0500_re_54,-0.001912619732562925,-0.02200670470173804,-0.00968017765008514,-0.05568214626623946,-0.05646440976769667,-0.0687575814619549,-0.11739898843562672,-0.08293919103300121,-0.11407792256594788,-0.10345023293956793,-0.04623612241919905,-0.057632410696585486,6.197602173131911e-05,0.037180181127621746,0.02699739616942115,0.0676903232472295,0.06198929818044754,0.04428634721680068,0.05673495813553943,0.02585310037246221,0.0053917481407116516,-0.0013940497544020526,-0.03053110663681381,-0.03387047137322631,-0.02878795008965081,-0.03143859920086339,-0.01588998766878098,-0.005076916761534172,6.467257526874149e-06,0.010527095033991941,0.012199999944051954,0.012177816589366963,0.012696401484139528,0.00665243760237362,0.0040002367116523515,0.0013772843794331953,-0.0020198975286046857,-0.0026112105399934086,-0.0024882900354331644,-0.0023857130650115684
s0500_re_55,-0.040775170851047496,0.08498411768963898,-0.07745954514278111,0.07807994011482665,-0.07685236812232697,0.08754368947335504,-0.04613123476758786,0.05025707754070276,-0.010595884963940956,-0.006001762052175689,-0.03536316602214308,-0.02256244178682404,-0.03014853378159869,-0.01998770827494125,0.051433549738153964,0.019265400506228016,0.051493195657040164,0.031992426059849144,-0.023579856749586098,-0.043482653612464436,-0.0400086264139142,-0.04362864532010556,-0.003374935569902812,0.03925952771634768,0.0340892885680758,0.03297436391371367,0.016018124374201626,-0.027208062066713126,-0.039774380847995935,-0.03269926447820728,-0.025079833402692427,0.00475045086728894,0.0309675000126653,0.026994665040025775,0.013669789643163533,-0.007576872664066261,-0.034913003097466117,-0.039741492089846994,-0.027060215792227747,-0.01081953673018893
s0500_re_56,-0.0012846585376028255,-0.021035648833552714,-0.009041279166632896,-0.05570896204819583,-0.05981904408829876,-0.0690186306514015,-0.1215334735314691,-0.08830931635773691,-0.11008973368137816,-0.10802118810589043,-0.04141918866264912,-0.04706069007918702,-0.0014394842744936318,0.04784365610974803,0.03291362048124868,0.06342776839674355,0.06888612366227528,0.04116209672119172,0.04912078212433179,0.025877367321303288,-0.005379396690422825,-0.009100012415593392,-0.030445753261435084,-0.03877033919733917,-0.02713440248202505,-0.025504511865296228,-0.013938584994237745,0.0008042180466438743,0.004513032772209165,0.011410369997414849,0.01418251645286111,0.010528220310677516,0.010022672402305878,0.005272540482870266,0.0010038357543608342,-0.00045429495378566866,-0.002907416687891756,-0.0037667863153833863,-0.0021312046837453696,-0.002252016126553186
s0500_re_57,-0.05115964401132245,0.07694048304288365,-0.10685386187608911,0.04795783739689505,-0.14396633348327892,0.0038858531231118066,-0.14179485621579005,-0.07794905236583712,-0.11043033076585705,-0.08707438891968793,-0.09033296303225437,-0.04717188084320645,0.0012788567024942458,-0.02150131715346479,0.05642294893571741,0.05220907288185861,0.04431042271588307,0.06212214462576478,0.06208979400072361,0.029208793194288783,0.02304780265294748,0.016627104127917874,-0.020129342104100813,-0.029313495418924057,-0.023810465752682468,-0.03625644066732335,-0.030818594849724035,-0.010855988041637477,-0.007638426899350504,-0.0025125407798039863,0.01201990529358301,0.013489317996862938,0.010108042209978045,0.013377140285376399,0.0103951155723159,0.0032885049469713813,0.002618298312495351,0.0010981827110747141,-0.003158713615926756,-0.0020860778532001078
s0500_re_58,-0.05292594207618281,0.0753725584727519,-0.11058484645952966,0.046078946734386256,-0.148142923787835,0.0018719299314644325,-0.14414836973485412,-0.07934202816127964,-0.11081150362545406,-0.08513291470636848,-0.08740046367560822,-0.04310461839439677,0.007717547441006419,-0.016459151870883204,0.060179739619214336,0.05631217917975705,0.04604708096529168,0.06158956200823092,0.06124243056882254,0.027166906710607154,0.0181148372670774,0.012051476837899379,-0.02395236248505398,-0.03351880784466261,-0.025750529764570734,-0.0356045116310222,-0.029838585755846327,-0.008694828099655764,-0.004274461908307139,-0.000276702582777388,0.014003481158621612,0.015326088852276163,0.010507205710124288,0.012975599851093695,0.010072856960515911,0.002399462764722782,0.0010163419312033055,-4.210310225171341e-05,-0.003733806332249124,-0.0029526205787500748
s0500_re_59,-0.05150760846243101,0.0775391852377987,-0.1076118450297256,0.04930854093851821,-0.14563267320074397,0.005017785359585151,-0.13977814510864647,-0.07737310282098188,-0.10801615945423951,-0.0808590067003412,-0.08626927525434122,-0.043240562435606145,0.01023176570437772,-0.01736222038019452,0.053949624317546595,0.05692780004933562,0.04325569361542733,0.055059810276469785,0.060081084059802475,0.027172437685658978,0.014462678453718316,0.012204867436504965,-0.020388522061307524,-0.034099876679346906,-0.024316484683858372,-0.029987393978320256,-0.02870364625471725,-0.008967387025208513,-0.0017673161053978353,-0.0005111973659913285,0.011437357829824704,0.014578836214942341,0.009035566338872765,0.010011432907397129,0.009617749814453694,0.001939008451833215,0.00025796973892449167,0.00010420607928729178,-0.0027105293299194057,-0.003551744021368932
s0500_re_60,-0.04116251113672122,0.08605627983080986,-0.07812481980056721,0.08009073683969838,-0.0772583321911642,0.08942030725874647,-0.03975381954334669,0.03818555367135504,-0.013262107060536907,-0.0157862003023289,-0.045753888005763,-0.020642352505924198,-0.0006238079147998863,-0.003219906066025772,0.07587322832521454,0.035870496084877156,0.010352856509600756,-0.009138717615746366,-0.04980910946456687,-0.06130834405878702,-0.012137743459371129,0.02226856901992116,0.034071922679969925,0.05261520831050459,0.024220706317460913,-0.02084061896106045,-0.03407808929513839,-0.034244058250368366,-0.024690136004469225,0.014849364829934762,0.03943720165096515,0.03535088908683364,0.01619289517571525,-0.007552186180324885,-0.03492316678360375,-0.02657772249348726,-0.0056288358821596374,0.021488493787684696,0.029605689611514885,0.034214634313016884
s0500_re_61,-0.003548533245190999,-0.02775123349029272,-0.014720035641879436,-0.06667030963609108,-0.07419374216234027,-0.07939887867539176,-0.13775447070582725,-0.09757888848238176,-0.10412594895304629,-0.10239566300460752,-0.019506373195105845,-0.011906921961808672,0.01888983203879237,0.07220795083658678,0.0536791738310117,0.06188898928459662,0.0707869316748088,0.03219661518058855,0.02003823907323203,0.002307984828333817,-0.032882146861956583,-0.03534044490948693,-0.03427932739910643,-0.03487837326992945,-0.016370141894962824,-0.00378048996560605,0.0031540969693952346,0.014003583261084727,0.015000276498810087,0.013240936049459915,0.01162457847254252,0.005032028470135393,0.0006248642298944527,-0.0018903742711735858,-0.004593188294662861,-0.00425980996114431,-0.002962775816784275,-0.0019395783875498754,-4.370587894485797e-05,0.0003428335902975948
s0500_re_62,-0.052513815034203604,0.07740798239046216,-0.1091549483028745,0.04712166442680022,-0.14968936392534793,-0.0002999122740458026,-0.14453362162268654,-0.0848173599356235,-0.11312467432962588,-0.0843731743179978,-0.08716226379515381,-0.04318039155699886,0.015645304132051147,-0.012301788307059365,0.05732768669549041,0.06306247219113631,0.0477341428683857,0.05676842218335754,0.0620477948434632,0.027095337372594813,0.009567999256333276,0.007227679686860357,-0.024848147685556227,-0.03947074511374523,-0.027338104564100307,-0.02928230289998843,-0.02779473080628633,-0.0076441027241921705,0.002453633288347143,0.002666316564378783,0.012619882345186118,0.016291250019954417,0.010382672692248261,0.009120426216618314,0.008263415940014677,0.0012293112231919802,-0.0015432941589772927,-0.0011777853493369452,-0.0032762448568708353,-0.0039482158578436136
s0500_re_63,-0.053008955662550594,0.07956194640986575,-0.10866928967222919,0.05042871441281736,-0.14586959400115876,0.006010588179914915,-0.13950286314437346,-0.07709458579190763,-0.10668840559024177,-0.08133300024830084,-0.08417798117886194,-0.043538654219549236,0.011176265200996254,-0.017667282282646028,0.054632351396401935,0.05632971257869629,0.04256037062530752,0.055900506145172946,0.059738717833869776,0.026150505704478754,0.013977103829667744,0.01165777535517941,-0.021457907537023507,-0.03436125822611769,-0.02414182084358865,-0.030355595516142888,-0.02850285544188415,-0.00833182679344733,-0.001226973979917153,0.00026718758595584277,0.011724676734077446,0.014528554421004432,0.009379366507544127,0.010376312946344795,0.009127493552820101,0.0014418151464935382,-0.00019639573241620172,-0.0004180588340917048,-0.003573946832255297,-0.0036091508500130506
s0500_re_64,-0.040890437064834424,0.08457465032097883,-0.07728371073077611,0.0784349999391705,-0.07625333282229874,0.0886255341168068,-0.03900975969647819,0.042528026046388084,-0.01002437815264827,-0.013151749018117765,-0.04507274153028231,-0.02588564091917251,-0.013591068945122128,-0.012691185172085747,0.07083338415203139,0.038505330158143995,0.02828306353732397,0.009933789944386779,-0.04302496743629068,-0.06482995578384647,-0.029372403179559133,-0.0028940644890243115,0.020792662594237177,0.05624900331175451,0.03752501015405098,0.0005859524779869204,-0.018258218090712534,-0.038579227350914284,-0.043906822533178375,-0.007744152140727517,0.019567238657578354,0.033271833728250856,0.03236894386841534,0.012950240000424476,-0.02489200064908021,-0.0323698063243867,-0.030581703337771937,-0.00716324146528558,0.010518837648427933,0.0309765181695907
s0500_re_65,-0.002022258154359706,-0.024395741959080952,-0.011593116562592409,-0.06164305334105254,-0.06962135778823039,-0.07441135925754168,-0.13234583633317767,-0.09649491386554213,-0.10431817681989641,-0.10687113865748099,-0.02765200558984821,-0.02124016173976127,0.008694452326307847,0.06564507210032755,0.04855496268993317,0.06040367898387487,0.07287505212108676,0.036521733376844105,0.028693636885841457,0.012279758095152127,-0.024547592251495144,-0.029535294955921748,-0.033418618610469734,-0.038176706780509786,-0.02110392678042798,-0.009556944679019228,-0.0027422364155295286,0.010383580934326604,0.013024005235641243,0.012513226069699703,0.013491785265694034,0.007409530585509397,0.0032810558895316837,0.0007288868375868411,-0.003351335246347318,-0.003890379683394425,-0.0033723212832590735,-0.00291092739732179,-0.000992847353962171,-5.329982346643313e-05
s0500_re_66,-0.041767844517558717,0.08697512908112588,-0.07973857098037905,0.08018446372703167,-0.07801641252943006,0.08983755498239043,-0.04208297612599421,0.04627609665816164,-0.010433060517719034,-0.01172449940160032,-0.042540193260914384,-0.02587473785531331,-0.02041749911937698,-0.014892765278482663,0.06735855934777175,0.0332035173920007,0.03856302015280432,0.018504927869946855,-0.04034774795923219,-0.06110757806063044,-0.035159195111774774,-0.018171406488267653,0.014652026973053326,0.0561622205583506,0.03916241189243085,0.011922784643161016,-0.007889328699983864,-0.039965810095352744,-0.048624732740178235,-0.01735396485600858,0.004969029588534606,0.02779217958197965,0.0379292150813098,0.020528886945484128,-0.015170264831124321,-0.029081659166337176,-0.039750050815057746,-0.02238529497197867,-0.0018262466798447795,0.02221239948995519
s0500_re_67,-0.0017007106164630501,-0.02311783708606924,-0.01008557393284313,-0.0584914938572884,-0.06342562990351971,-0.07094010606060963,-0.12618964170265043,-0.09036561943476935,-0.10839578074828561,-0.1072880517908479,-0.03468049129637956,-0.037409771003457125,0.004067305563031515,0.0560712379767794,0.03872397278028661,0.06366748418672416,0.07088844701796979,0.03911366340872479,0.041745044777906845,0.019623012279805396,-0.01448080957528206,-0.018493628110149245,-0.0332613748080693,-0.03981191076981982,-0.024509612836150038,-0.018908470858049982,-0.00885623674163655,0.005730499311758095,0.00832472743156307,0.012717552494563073,0.01471314354318518,0.009308428911883866,0.0071557541620599335,0.0032423962904382666,-0.0010018903244286424,-0.0019845413497330657,-0.003732870775423245,-0.003985197753004607,-0.0020219268668486396,-0.0011503736117102269
s0500_re_68,-0.05140483904074555,0.07635105107605103,-0.10589839577186025,0.0490437386720136,-0.14194029133111577,0.007544797157223154,-0.1363102877190274,-0.07330413825042194,-0.10332412762092648,-0.07968251641368546,-0.08402322802025634,-0.042176374930365176,0.007069638953584003,-0.0197212533708902,0.054061968370335466,0.052190204101883214,0.040416915175895435,0.056094989318652484,0.05827221057288125,0.025264715792799746,0.017583920605411914,0.013907038436835509,-0.0201867735484257,-0.030307745337980422,-0.022384810104393495,-0.03190038711892421,-0.02840874403790501,-0.008505948169123968,-0.003877916006247593,-0.0011720285663247157,0.011450423658493723,0.013261510702515272,0.008838435640139246,0.010712044578340175,0.008809056967798221,0.0025634116713533135,0.0016463964132671165,0.00058562725817514,-0.003201773487418373,-0.002823250283361341
s0500_re_69,-0.048042542332491,0.07248924695788907,-0.1007125192853045,0.0443310798826599,-0.139987595803017,0.0009429984834413127,-0.13715152004338,-0.07996332239758427,-0.10808322616130674,-0.08302454807441109,-0.08775747056835145,-0.04376466297954395,0.0077282382287295085,-0.01751159204653341,0.05367777972286012,0.056725623607315326,0.04324874370990054,0.05685382358395869,0.061010024005846784,0.02770796683696491,0.015636135608387152,0.012378857332982846,-0.02073510849543129,-0.03385520485403077,-0.024604907284714036,-0.03178617995203278,-0.028765999672668897,-0.008350409602290403,-0.002127974342288701,-0.0005047214684071352,0.01176034365963878,0.01449586750784794,0.009178391925762896,0.010286606324972514,0.009536564145683431,0.002038608243136303,7.391769624578161e-05,-5.102785785543861e-05,-0.0032909155430886753,-0.0030588382829733777
s0500_re_70,-0.04111390677069528,0.0855232009692713,-0.07768181656464017,0.07804333453831509,-0.07635429156642047,0.0879406406839149,-0.04227877458230546,0.045905937038063886,-0.010527242170882096,-0.011829589024470509,-0.04075202014455927,-0.024458094425663768,-0.021062890007591668,-0.013528481823715929,0.06557615361045648,0.030069349799178236,0.039613886813731715,0.018775582684832696,-0.04072591607947279,-0.058702917703186926,-0.0350800050352425,-0.021004034098449156,0.015181651163456952,0.05591929752400856,0.037469802494258464,0.014095821269510155,-0.006637503454344741,-0.04055015934336275,-0.04751485191997536,-0.018285653950876453,0.001842645469185721,0.026777125079316195,0.03794956441927286,0.020167776521780683,-0.012867840128747445,-0.027499158678423508,-0.04132434945289944,-0.024511000056877452,-0.003869680933549078,0.019665543467251946
s0500_re_71,-0.001169529551310043,-0.021273231834178223,-0.00842965727741777,-0.05666051947184522,-0.05955394547189065,-0.07007196268848914,-0.12307039744092077,-0.08781014172358122,-0.11334858733398846,-0.10750972642118091,-0.04124437072673681,-0.04853174855647178,0.0013858993837797002,0.04753260011971055,0.032721193912467875,0.0658763407991793,0.06777937187477381,0.04212043670811949,0.050224695537812857,0.023633962738809237,-0.005460229791225533,-0.010035514495999097,-0.03273295063367567,-0.038511862423401454,-0.026935404515801124,-0.025490309791571332,-0.012202959239332224,0.001015229341425115,0.00436006712871117,0.012412227468859036,0.014179128204758841,0.010660960319441125,0.009961071669031473,0.004688314553976121,0.0008750796316598628,-0.0006690532624215367,-0.003526656753333404,-0.00345420951499304,-0.002637142221042887,-0.0023546911756913017
s0500_re_72,-0.05092583450735038,0.07603896624990213,-0.1061327257011597,0.047797340656642325,-0.14159779737228337,0.006695838831591663,-0.14184276220850453,-0.07230939332664163,-0.10951638398636156,-0.08878643248574235,-0.09171545804485812,-0.047947718611130306,-0.009710765829195401,-0.025608023968889393,0.056533823122159134,0.042343741243410414,0.04383529069856588,0.06664584391435001,0.05862453328135138,0.03088597870017486,0.03401238679947658,0.01947867986364609,-0.01708411436413156,-0.01896037827175568,-0.023116552246713443,-0.040428118198577535,-0.029564309618984982,-0.014925631815208926,-0.015525556522253599,-0.0034203096849331643,0.010964444113121589,0.008876144498969717,0.01083313267870363,0.01627104175922645,0.010824325313032167,0.005975012436898914,0.006426627567636253,0.0015593440384311988,-0.0018444561997361646,-1.7509271672267688e-05
s0500_re_73,-0.05092797440862478,0.07674471302905955,-0.10440979601085139,0.05004113960346335,-0.13881135347055829,0.011721877808973954,-0.13671303130967033,-0.06682090168281031,-0.10395447220283319,-0.08229143994395219,-0.0882702912750721,-0.045007852849095274,-0.007286482098002097,-0.026658201858928147,0.053317764690797916,0.04072219147405105,0.038949523142566694,0.06120118446319389,0.05609190821250368,0.028566162660421918,0.030575101638878246,0.01998241002448808,-0.01599100563424444,-0.018869476727728436,-0.019968330352161716,-0.03741996167790409,-0.02815140033301433,-0.012851866244359434,-0.013651900472160692,-0.0037081069516956273,0.010104148807776854,0.008631558162164751,0.00885893017391052,0.014022642828055378,0.010053696992069254,0.005063304726342051,0.005612797052792447,0.0017970949391716059,-0.0017828337282411388,-0.00046072176895380074
s0500_re_74,-0.04928215560916047,0.07275343269425333,-0.10229556111200633,0.04548485594043785,-0.1404106750239085,0.0029730369600925316,-0.1356255435630805,-0.07714782620386001,-0.10532173300578597,-0.0790725008394066,-0.0848871703075467,-0.04252356240087537,0.010888703089983262,-0.016808894530042015,0.05279348097113984,0.05652801045390617,0.04296735544677375,0.0538955933126043,0.05989429150015824,0.026360689092597193,0.012719065970213503,0.011352193990112227,-0.020411195813032423,-0.03432774578785537,-0.024128531187331118,-0.0290290815037165,-0.028198820872872177,-0.008151631600616818,-0.0005846262312453529,-0.0005060450352241667,0.011180594966735218,0.014727529797572176,0.008729985457022181,0.009655763740346586,0.009219461047836991,0.0016077678868006424,-0.0004863986681970646,7.6880084106003e-05,-0.0032730689182632927,-0.003312938519216431
s0500_re_75,-0.04002780632812946,0.08379055220072858,-0.07585406261320932,0.07708664202271581,-0.0750259687763334,0.08711166960122364,-0.039885806975700794,0.0406128918631644,-0.012478042196307739,-0.014583502038579041,-0.04469162851500824,-0.02188224182508314,-0.00900282436281924,-0.006636124925044864,0.07341887625813065,0.035363844485789525,0.022704515746723435,0.001934903113038093,-0.04899178453043962,-0.06331686210881587,-0.022161437894491712,0.005966975880933655,0.028696946328541365,0.057836292944500864,0.03150770408552927,-0.008285072819463652,-0.02538877298163385,-0.0402409931727379,-0.03747932427348776,0.0035797264491649983,0.02787327488490245,0.03591051154466411,0.028646936335141062,0.00412266725660522,-0.031286652461499385,-0.031572622773444484,-0.023011691512647894,0.0043208738753726895,0.02037096266016629,0.03519496627480171
s0500_re_76,-0.0007818712879897473,-0.023122142052295076,-0.010306697808787338,-0.06202009485040665,-0.0699666436603345,-0.07545725923080182,-0.13553184777633961,-0.09689345404685504,-0.10722611884143428,-0.10808100079116557,-0.027074363724660384,-0.021953121786482586,0.01038910909846189,0.06577409343154393,0.04861358127429373,0.06119868789242736,0.0721199417985313,0.03654285606330211,0.027765999331919727,0.010433361151981223,-0.02575615579798782,-0.030245184335588114,-0.03347789114060734,-0.03676569037767288,-0.019227350827908423,-0.009130223630189666,-0.001911599362330327,0.01074114389177422,0.012805674435028462,0.012789003818780079,0.012747847255356723,0.006704825425703302,0.0030670880604012087,0.00016632056391593502,-0.0034682199959769297,-0.003307014084728999,-0.0032061286696137723,-0.0022846944507278087,-0.00040896108051219875,0.00014787400398760404
s0500_re_77,-0.05489616864956434,0.08013293853208164,-0.11455778770706825,0.04968291135825062,-0.1530267745317886,-0.0011219503284831665,-0.139663493354435,-0.08643007895696607,-0.10817812233999946,-0.07603668406898488,-0.07559298674167643,-0.04212059072264059,0.031808441314609866,-0.0030638993887473643,0.051432229351695606,0.06833310745989221,0.04982975205174366,0.04462578742048039,0.0550931806723917,0.026463746371359446,-0.004249012996045705,-0.00412405923986588,-0.022643776337611863,-0.04283946396899132,-0.029830898588052077,-0.019581275083623242,-0.019957551420670454,-0.005331560043377302,0.009190747788147545,0.007432172378238916,0.010023701307047186,0.01509947905038935,0.01041765676209239,0.0045727080787450955,0.004789156565917173,0.00039168704709834534,-0.003977110740195168,-0.00340652270854301,-0.0016957153681178246,-0.0036573044906707403
s0500_re_78,-0.041919268260054085,0.08671413585859877,-0.07917082708155716,0.08155368758404509,-0.07862789885242077,0.08976131330192172,-0.037532239801919505,0.03410482718282759,-0.013410000347293189,-0.015867342205174644,-0.04900092695483576,-0.022735189964629775,0.00900122937510188,-0.0031707310382421646,0.07468039139433338,0.04190018599267102,-9.146381296627625e-05,-0.019726927092735626,-0.044780043288915806,-0.05686132121402905,-0.008438312003826127,0.03432814319790679,0.03585063278103003,0.04088240593483321,0.020253456763388765,-0.026541776435340742,-0.04038336155357602,-0.0266086882694863,-0.012005969437573065,0.020517581398524595,0.043470574082595,0.03187834322600278,0.002945566225451682,-0.016725661365398943,-0.031692101999622434,-0.01876848992810989,0.008225936669466393,0.030593118475889327,0.030449742513356803,0.024925224942415416
s0500_re_79,0.0048693473432404885,-0.0057203112225470846,0.014735508669777412,-0.011599891306552722,0.012992832356693036,0.03191137297641187,-0.005033133328439327,0.025137058722988347,-0.02364052087871122,-0.05438270445476818,-0.015752856799856906,-0.029546779828417972,0.026616375723842674,0.07576501506252374,0.03441209224334031,0.01429144904804803,-0.033150280022915396,-0.07413604653310792,-0.032417736021223345,0.00606408236160506,0.036241676819856995,0.05850278007799278,0.024738458373431686,-0.018662455938986872,-0.03918031265955345,-0.04556092689282194,-0.012663441945881931,0.027912297274678508,0.04157792556732608,0.027796012131957586,-0.005389426108045622,-0.03767586986390934,-0.03342921787152145,-0.012569873401842553,0.018969661131848083,0.029754049907645057,0.019894837456072203,-0.00965254756837043,-0.022688521744178302,-0.030421855992545186
s0500_re_80,-0.0041768063041728275,-0.028965049196359272,-0.01612620027527546,-0.0684890408221872,-0.081136651755791,-0.08085739205381642,-0.1421382463101566,-0.10571712669275384,-0.09497310451117649,-0.10099038161868826,-0.01398240554853274,0.007141818947567937,0.02037147499273738,0.07737860183895443,0.06368368337560172,0.05548926920839671,0.06800698644043282,0.030024272940745896,0.0037934018391673667,-0.006830014290182207,-0.03753273601567495,-0.042439487637641424,-0.03040263141917825,-0.02747505527152609,-0.011517452518193083,0.004186927984302083,0.008400371435070712,0.015470278350077072,0.016676914861515735,0.010791248018505171,0.00786386394519518,0.0024210289136891608,-0.0024450776970784205,-0.0035558501781601643,-0.004497100089216973,-0.004020470952027199,-0.0014719349180156423,-0.0004178294153444723,0.0007389669729452422,0.0006028137886798696
s0500_re_81,-0.04278086269840076,0.08918289138537969,-0.08046150012748352,0.0827728657542357,-0.0788790141268391,0.09244175075238358,-0.039147957207281855,0.042910074621074684,-0.011141688997695808,-0.014887152114024102,-0.04918746569450066,-0.02829510280417273,-0.010627406686818965,-0.010618938090112183,0.07531547322305332,0.04301818196070944,0.02434863045787064,0.004004112904495405,-0.04677862830095907,-0.06735995629755355,-0.02688073878952949,0.005061199338552754,0.025852688426079695,0.057600280684353425,0.03733518419251361,-0.005121826343230943,-0.025002323736210374,-0.039446980561166335,-0.041035906371822896,-0.0015207968505839505,0.02814095665410541,0.03731055980328835,0.028705768071460958,0.006559525119289353,-0.03013044856758576,-0.03324224895409374,-0.02411824226967611,0.003332202574877669,0.018312265490594892,0.03524795635963947
s0500_re_82,0.004389449075445059,-0.006556660387939375,0.014848181427899846,-0.013500217853771045,0.012062155378076285,0.026623575747161506,-0.001578245395423874,0.03384734856755306,-0.014679034737137383,-0.03947822593921231,-0.02043313313065758,-0.05805596465266391,-0.0029376020714783923,0.042993350847961215,0.03767604334266294,0.06152117163996526,0.013975405480589776,-0.04227875970036421,-0.04355803061467112,-0.04955814375605983,-0.014542682447068087,0.03624394907825864,0.041861917599334976,0.03996780255100233,0.015083317316574935,-0.0274773316367974,-0.03907920206407804,-0.031353212144706155,-0.006663176137409232,0.029787964048471182,0.04029212951319938,0.027316452413908204,0.000733025728684393,-0.02521348676383345,-0.02880469804255246,-0.010569268073784872,0.01270465960960834,0.03260863305797376,0.030559853730241837,0.016405683662277248
s0500_re_83,-0.001734104477564568,-0.022612266749208666,-0.010818220760685593,-0.0575886007708175,-0.0696304925172073,-0.06861077478450266,-0.12615703092285546,-0.09795310751652563,-0.09061451416024778,-0.10463353006176616,-0.026869577380688042,-0.007365839907447768,0.004062573957086672,0.06297077453072893,0.054995924013932794,0.049110452736629714,0.06833164868314084,0.03859047866573555,0.01654755213630941,0.009936323818339955,-0.02257724238333799,-0.0345087468158762,-0.02891441178828798,-0.032320443371128285,-0.020016210089824727,-0.004448590546800189,-4.1863553166549224e-05,0.009223027528797448,0.013807818254785121,0.010793448233065259,0.010585185036948122,0.006801807972460644,0.0014524829038103134,-0.000275446922102348,-0.0028188990759813112,-0.003915894153228377,-0.002655080950096149,-0.001758536788682082,-0.0002789144352759229,0.0010479656415355498
s0500_re_84,-0.049123560007964535,0.07472087638137984,-0.10498522574820196,0.04450394470166525,-0.1457649487584586,-0.00568436525539129,-0.13868409815882904,-0.0895515958041066,-0.11032184917703286,-0.08086851962391532,-0.08096470064001987,-0.04302327141396135,0.024865693418543233,-0.00515712450833968,0.0524047261901296,0.06845512242490989,0.04976292783551601,0.04956268439716824,0.05835890165096943,0.026531976057405704,-0.0002573029143848773,-0.0014061491654127096,-0.023692013234948454,-0.042283785787464,-0.0292736006880905,-0.02233439030838257,-0.022648369888077904,-0.005995159451966207,0.007181274564173171,0.006302483336003335,0.01097973309393175,0.01587934872799037,0.010461229712447359,0.005565627118432961,0.005670372216114922,0.000554104745890373,-0.0033212811025374097,-0.0025515952514866395,-0.0023245127272256655,-0.003768151747680153
s0500_re_85,-0.04276643431687888,0.08910930135809836,-0.08093280573332835,0.0826741508513201,-0.07865213139092413,0.0906950139745246,-0.038898781933400906,0.03793540976849881,-0.013295448011225832,-0.018204713467385922,-0.04670810007257312,-0.023427369813904246,0.0021194667187698856,-0.0020840575933130812,0.0784364142083926,0.03800946836167133,0.007872832222705605,-0.012909863487151478,-0.05250281665780859,-0.06116181442010011,-0.009971716969928112,0.026446572514254,0.036877375797692416,0.052236213784712694,0.02245366009228839,-0.024422926036418963,-0.036829812955916995,-0.0345122890147851,-0.021702248243700976,0.020045991740920314,0.043461157619401426,0.03507014397869771,0.012689757204157059,-0.011674687918984154,-0.03624672341524445,-0.024674573385507485,0.0002087156195790285,0.026528524484918974,0.03311618187143389,0.0326080300682839
s0500_re_86,0.004903711366173652,-0.005518046067961901,0.015040951220519051,-0.012920762640548747,0.013445643886369601,0.02448548035141228,-0.007382206708744929,0.024892216759841084,-0.02859490908460806,-0.04024506228176124,-0.009602294260891004,-0.029718250534515486,0.034373804441693946,0.060914016499148176,0.025966903464763626,0.018274025199854386,-0.04018772610567188,-0.06652277953666376,-0.02469590283175093,0.0012076579351539933,0.041216919710293135,0.055711180073161296,0.01659324372452066,-0.015144758641595415,-0.03828291369818386,-0.044560323608581476,-0.008491652285034658,0.023963432398778337,0.03975541708084245,0.029058330284543295,-0.00578371698272175,-0.03484987410938745,-0.03292612473059665,-0.015136081205568985,0.018995927450116676,0.028881716246905147,0.02178308827120464,-0.007583213768653564,-0.022221024367663534,-0.031247319255091974
s0500_re_87,0.005008243435219045,-0.004788435158400741,0.015438136581657344,-0.013185270621865317,0.01430090892055898,0.025287386420456994,-0.006900708764658892,0.026704197927057957,-0.029003321129294404,-0.040385749301446505,-0.012296106841377486,-0.03165736905009562,0.03228096109835999,0.06092018640698971,0.02768021599609867,0.019396757490997465,-0.03643298212079701,-0.06472559914380345,-0.02625984162586551,-0.00024601379439979264,0.037443501304208135,0.0536435793230849,0.01911417299797159,-0.01228399875053084,-0.036408179091078595,-0.04373427486616284,-0.010762950416722608,0.0217748881562031,0.03868593510820605,0.028998813308940417,-0.003705597607901065,-0.03216698769036921,-0.031195429848514904,-0.015292026372349953,0.016658427498100172,0.027223053209814614,0.021404510111358115,-0.0050530350676802034,-0.01982421244373477,-0.02856489735241357
s0500_re_88,-0.0019474140479396513,-0.024157627010623132,-0.012246211384343649,-0.062222845262447826,-0.07113759814642925,-0.07444661166399595,-0.1327021434887242,-0.09560258502669611,-0.0980227522480779,-0.10027359927545225,-0.018803700055795684,-0.008478832705570314,0.015060005276963854,0.06893870079128696,0.053361903082673454,0.05635306302645679,0.06794505358829811,0.03206428172933194,0.015990403990751422,0.0015786556128392403,-0.03145543189856767,-0.03466769460375922,-0.031185864747812257,-0.03172599477492699,-0.014425162811688656,-0.002001425489433431,0.00327570361795751,0.013003816517257922,0.014199275018191949,0.011057654388450237,0.010105888923763346,0.004292850514704235,3.11592257721113e-05,-0.001357629980486952,-0.003887159938885661,-0.003444538246831651,-0.002085906974243432,-0.0012091670020418666,0.0002349272557516529,0.000784635688737511
s0500_re_89,-0.04118130550563501,0.085136290291201,-0.07811567303891556,0.07915345857274253,-0.07597470860961562,0.08786903026564988,-0.03757873673779312,0.03828938730981148,-0.012622247256456613,-0.01704619875397151,-0.046368076415703965,-0.024370813915733317,-0.001876704188318544,-0.003315600005280135,0.07607492692290546,0.03980689998241302,0.013213661550858806,-0.00826858366045203,-0.0505691236614774,-0.06245390782943954,-0.015467667957263925,0.02015450830851904,0.03407257920260902,0.05364454071111644,0.027004272429020638,-0.018534419839738046,-0.033604861340660104,-0.036238544365776656,-0.027879509313371815,0.01337260732730201,0.039116208620703315,0.03679748168918355,0.01803990443324377,-0.006458802190503019,-0.0350150045745322,-0.027963829618398044,-0.0077260827208410175,0.019986583625053064,0.02953318954712512,0.0345253126495431
s0500_re_90,-0.0028848741490674094,-0.024748684996568487,-0.0124280793125253,-0.061851763497986226,-0.069027376839116,-0.0748408607157424,-0.13102225255804775,-0.09462295146012245,-0.1036178496778748,-0.10240405099421221,-0.024494209037566682,-0.018925798087462423,0.012827063362615427,0.06570777515708921,0.048350194544760534,0.060494041997668016,0.07034035135045652,0.03439365098662373,0.025525879237230945,0.007992946921003245,-0.026526687655386797,-0.030660216676548082,-0.033604840599734356,-0.03563707992469916,-0.018115504687879577,-0.007756462728092817,-0.0007241057033814254,0.011420638124100308,0.012907719246485273,0.012561606155615536,0.012695728114737214,0.006377789786482902,0.002549310870687346,-0.0002021724642072543,-0.0036035334639655464,-0.003534695371403165,-0.003343841697690109,-0.0021947117708419673,-0.00034759790216364663,2.2679460957008767e-05
s0500_re_91,-0.0421999008334893,0.08729546443919137,-0.07868252641195862,0.0807690767915719,-0.07753403614286958,0.0883084556702475,-0.041515903801966784,0.03866082266543716,-0.013931876682246769,-0.014236384339752975,-0.042689689599275375,-0.02020829200608368,-0.0013746873847950902,-0.005070520591604313,0.0719706742308639,0.03336548423522088,0.011785363090704888,-0.0067997503619356605,-0.04722230173139631,-0.05798813765458635,-0.012019523402663641,0.018522206562020336,0.031178034208715927,0.05010468768349801,0.023618715714127988,-0.01751205758828789,-0.030484724382471993,-0.03362776956043876,-0.025582267545012655,0.012658176835300848,0.03516000022195365,0.03313616398076345,0.017769832908217504,-0.0048750064075747225,-0.032591960370243304,-0.02629332285362646,-0.00824203301899918,0.017437983107046074,0.027511054100299175,0.032814172415465866
s0500_re_92,-0.0026702233145521935,-0.023985542003932953,-0.012340952525483362,-0.062454178043535924,-0.07029629066984633,-0.07484319938460818,-0.1318207596203558,-0.09508243713334143,-0.09876702170672265,-0.09902860991550548,-0.01896953783141171,-0.008630614945246895,0.01613661060317926,0.06890793265852291,0.052922699073844434,0.0569290989700265,0.06737875836335352,0.03116471546696052,0.016451750578754,0.0010798473603840972,-0.031172225692107956,-0.03433253984458529,-0.03171281515075128,-0.03144258746744842,-0.014517127533785422,-0.002085160380378893,0.003300296504898589,0.012731418231304251,0.014373749816106549,0.01142290752301527,0.010053678104503102,0.004398080005194607,0.0003210194878282079,-0.0013635667991209106,-0.00414942928461897,-0.0036286508197543024,-0.002192267779924248,-0.0009682708529896415,0.0006847007532841346,0.0005877233650750357
s0500_re_93,-0.041090284915789414,0.08520165712045759,-0.07757847529947137,0.07914089438294945,-0.07568074593867412,0.08771872763892437,-0.037296881024421476,0.036909211604770356,-0.01368284624800403,-0.01773491861927013,-0.04724145050266298,-0.023426140373701877,0.002047645409215778,-0.0008142272054648366,0.07697303162708329,0.03943274804901597,0.007528692691687716,-0.014496236098132794,-0.051276009483628024,-0.06036021777876552,-0.010126472207246818,0.027768653626384483,0.03692556044388818,0.05006227145045778,0.022405285137050486,-0.024234000083435816,-0.03752478348768002,-0.03313366161818982,-0.020151344041514727,0.019750803307267476,0.0433134636173935,0.03493652944138001,0.011349658738698863,-0.012606095695374917,-0.03549833183065823,-0.023888808699088496,0.0013546652762837386,0.027350260977101384,0.032794631550789835,0.031845400103995454
s0500_re_94,0.005167366272419592,-0.0043600816835581814,0.01493677150984578,-0.012060751767286352,0.013585968286594752,0.02661544475885054,-0.005514581396729372,0.025347348074075664,-0.026867978015791882,-0.04383745151848076,-0.013882690474098328,-0.03173914743145976,0.030635509172096675,0.06495941848210406,0.03110525717058759,0.020433573963986488,-0.03511700385262537,-0.06915729147218971,-0.03056141886219074,-0.0010774114769661921,0.03770100906064802,0.05752090619454072,0.022406686233467837,-0.01202027151219659,-0.0367619155542786,-0.04746151983861936,-0.013391560186297932,0.022235086667853374,0.03991066634606309,0.03208174208476719,-0.0007370061472384539,-0.03337314687220665,-0.03448897255828564,-0.017751305127467407,0.01659793039803697,0.029488726872202144,0.024729317391892307,-0.0036447441064347565,-0.019223703229735486,-0.0311599014844491
s0500_re_95,-0.0030335257717106295,-0.02655259409656355,-0.012530665663851666,-0.06318923483503222,-0.07100542407260323,-0.07209365897390149,-0.13015815491686378,-0.09110502858824222,-0.0902819571553256,-0.0931991038603144,-0.011311676182884409,1.394459899182364e-05,0.01832247315181969,0.0694999809550248,0.05336457345805132,0.05176828233851379,0.06267941462426793,0.026741616655153497,0.008318133599920615,-0.004326730024856923,-0.033845420822018565,-0.03564210967840485,-0.028355354866128293,-0.026033414081497952,-0.010060398245684844,0.0017669940868037205,0.00631597847052738,0.013719052616279731,0.013416613816569584,0.0096397493085076,0.008102259244749683,0.0026112110066621396,-0.001330231084681814,-0.0020784987277519627,-0.004130988723674207,-0.003271525069001922,-0.0009817527297991718,-0.0003758298821660969,0.000969251252261952,0.0007321553456833385
s0500_re_96,-0.03892257988527254,0.08116888801825078,-0.0744906668878234,0.07635162340984869,-0.07330516743405942,0.08559552555577561,-0.03415952762998124,0.032892596490318116,-0.01335869045230866,-0.01762823807781934,-0.049539678472995986,-0.023263484953423525,0.008352969824599592,0.00026205894952836367,0.07500900496694268,0.04207515221744144,-0.00040032354863244173,-0.022132316664303868,-0.04704293359515493,-0.055679442399677294,-0.0065297341602804475,0.03622440978386414,0.037651917587206374,0.04125681209775577,0.01743361657154211,-0.028338692308943203,-0.04116022396477351,-0.027058193063589003,-0.009085998953438609,0.023781941306571852,0.04476752876235807,0.030448319911604058,0.0005780082263301771,-0.019270574092053606,-0.031128869611710033,-0.016673046231474652,0.011164795188921715,0.03286767966557532,0.03174862516883413,0.02333810237203413
s0500_re_97,-0.0015475182987089641,-0.02298555467731225,-0.011342820993548977,-0.06222025671833249,-0.07355815217490717,-0.07671222024716357,-0.1366955125618026,-0.10101730295499682,-0.09997611704090681,-0.10364753389324889,-0.020860893534451842,-0.006054156741219792,0.014936295650576062,0.06997478452818343,0.056050280523958405,0.05722718806986575,0.06955557847994759,0.032942854144044034,0.01425954229121404,0.0003933848828230858,-0.03244753967955876,-0.03676956048046406,-0.031051240736882448,-0.031127842763336026,-0.014630706613292806,-0.0007178585421010219,0.004053569920524186,0.013186593385652897,0.014802408587631778,0.011448449259137945,0.009960697286471986,0.004174962885466101,-0.0003969363078769614,-0.001888581320176016,-0.003973178798690201,-0.00362416687459642,-0.0018644936026505005,-0.0007916400769785469,0.0005940747448265008,0.0007777289292800078
s0500_re_98,-0.04298597587160001,0.0887621073272344,-0.08101961255505105,0.08171359100379547,-0.07844985994020448,0.08991901481611024,-0.03891519608879385,0.04064748088132965,-0.010771145145948883,-0.01635314032995454,-0.04653102331289821,-0.02842941586944458,-0.007629435601944614,-0.00995960957207187,0.074773473293881,0.04145458510807165,0.022077400815973123,0.0015404939318127814,-0.047219267151273205,-0.06487598056034048,-0.02406825872304002,0.008089598120582148,0.02750333635552319,0.056093021996891305,0.034425374998616025,-0.00790923645163953,-0.026660562074732844,-0.038467201907832246,-0.037882851975846725,0.0017988914502341153,0.030307078610689712,0.03712180011030304,0.026629379412481734,0.003963436005981205,-0.03128058006509123,-0.032381991443202245,-0.021130254741675174,0.0066701435750593325,0.020718785066545762,0.03527896045197956
s0500_re_99,0.004702565108808363,-0.00449800604463467,0.013890045895280366,-0.012606404295286236,0.011905334545753916,0.023221894520562832,-0.006070640093190356,0.025713684976680376,-0.024918615932720146,-0.037507293120925225,-0.012190044006589934,-0.034693054492695635,0.02611054310297442,0.0558768175680905,0.030472246364404064,0.030469567909816777,-0.02840918458884074,-0.06298024492437028,-0.033358609042421106,-0.01482810509665509,0.031253309261257786,0.056653135713314,0.028663884448016503,0.0010401896307199385,-0.029170393396152655,-0.047701065025772885,-0.021172679697401164,0.008668279977239794,0.03418338433116897,0.03896868810454936,0.014418678963558714,-0.019670399377027876,-0.032448996574460764,-0.027868258483411623,0.004859816351517953,0.024910481282155273,0.033688151172176155,0.012373047713047291,-0.00401879050536396,-0.026203978839433054
s0500_re_100,-0.0019292416670183773,-0.023401409833264067,-0.01115774067061055,-0.06193547580648564,-0.06673517587749185,-0.07487222534519584,-0.13039969586782305,-0.09114308960384618,-0.10555642541578457,-0.09942074620727336,-0.02241275603893905,-0.020526238275893897,0.0163781209490619,0.06540111360465019,0.04632556687470279,0.06312744773598565,0.06725803555879702,0.03249049340859566,0.026574478734760786,0.004354249952586927,-0.027675996472630724,-0.029344017441812965,-0.034457204681337145,-0.034653841009383596,-0.016190242843377133,-0.008048223107141194,0.0009804024601259129,0.012331499607944336,0.0126973477695904,0.013202437645119377,0.010816161820811614,0.00549679306705458,0.0026248352222958625,-0.0011228756846613564,-0.00368834347734042,-0.003237449407154125,-0.003575771959740661,-0.001621160278142164,-0.0003699344957947112,0.0003037228314449656
s0500_re_101,-0.040680429521833705,0.08513340195096702,-0.07786288215040535,0.07866162508474725,-0.07572855911262541,0.08796159447581671,-0.03783860131177681,0.04250401776525737,-0.009576970157268494,-0.014541991664474462,-0.0454485663741923,-0.02819195705579017,-0.014125216570102258,-0.012509177020718782,0.0710819702586338,0.04072020136858281,0.029003184182227804,0.01009443093576415,-0.04360355848224259,-0.06518895994285184,-0.030360510716368378,-0.003004880876190469,0.021386720159497347,0.05647167322525765,0.038320264669133366,0.0012375277235034316,-0.018769215634680862,-0.03969616480987524,-0.04424222553386006,-0.007687823632901501,0.0196991794655517,0.03450415925444698,0.03276681837255612,0.012384253828450537,-0.025146051167430024,-0.032486976858539136,-0.030641368278929063,-0.006480446795095334,0.011599255423030162,0.03179939065797069
s0500_re_102,0.004436704387392354,-0.005840477042135122,0.01292472935996206,-0.013221703395291625,0.012086493235716483,0.024644630041078676,-0.0017220651023506504,0.029480164529404603,-0.021774284265296342,-0.039403755846696635,-0.020238861438589835,-0.04709898686818701,0.014793827631398682,0.052572371058156674,0.0401474116282164,0.049587934082676,-0.009925651159998848,-0.058349776560576355,-0.04587432523051706,-0.03694530696532942,0.011843994545429667,0.054062998989580245,0.04381019210856165,0.02585802467528847,-0.010588646811722963,-0.046225066525554505,-0.03752663771500801,-0.014527412677283235,0.019481657705821595,0.04505850558563434,0.03664813379632523,0.006138052507795211,-0.021023746569297046,-0.036216077958577786,-0.016798694063644936,0.009911419221916363,0.03472138687282666,0.034328168577095634,0.021016233031720642,-0.006109063388503301
s0500_re_103,-0.003183591775445853,-0.02238398967980591,-0.010400154415745358,-0.05778973348708115,-0.06149189713060892,-0.07088740292200937,-0.12302485312763133,-0.08776585047262693,-0.10891761184476542,-0.10312335431100352,-0.03528583595059255,-0.03961632059356554,0.006303319055428815,0.05265800623924446,0.036439413120387766,0.06468286718775741,0.06758738463998819,0.03934784766226192,0.04448609843572287,0.018533941985777277,-0.012307323601671439,-0.015686051997950038,-0.034427133236526145,-0.03893656513800939,-0.024516534744801203,-0.020894424660191094,-0.00902859931778796,0.0050351849804734575,0.007522999686451772,0.012949635147446067,0.013977494397083836,0.009392477387105788,0.008350605390760156,0.0036079905580387933,-0.0007095925564986605,-0.001698153377212839,-0.0038879178263221442,-0.004011997861337843,-0.00260063910676589,-0.0013994148617249586
s0500_re_104,-0.04108339676620194,0.08578769666751533,-0.07703543949240686,0.0781442229505824,-0.07594126406757122,0.08812037521000458,-0.0413196522600817,0.046407253648070045,-0.01044048837186063,-0.010722872309076703,-0.04151245296307093,-0.02555129316609479,-0.021487638050715265,-0.014801929691047792,0.06473506927636023,0.03220070728148732,0.03899497456596594,0.018930599424575305,-0.038534023759080605,-0.059454224927651254,-0.035372706088313007,-0.01944215420842563,0.013353198378415228,0.05390024717851504,0.03881313913573141,0.013515432105422885,-0.006243728076939819,-0.038362372189071944,-0.047544076106211454,-0.018492224469667307,0.002533337578107211,0.02585735508215202,0.0370542601724386,0.020936612996125824,-0.012687788386524667,-0.027482760577009425,-0.03975827936730082,-0.023694489966934698,-0.004212228490767367,0.02023357924687803
s0500_re_105,-0.0029359667920102186,-0.024229297905944774,-0.012740820053757632,-0.05866395413084648,-0.060491032279794146,-0.07276977021551448,-0.12078329340138799,-0.08746347574991939,-0.11265880652961194,-0.10305003489209756,-0.04106455411209168,-0.04856079811206153,0.005626667112134031,0.04647323176446957,0.03396571824044961,0.06964802207017862,0.06574308492920566,0.042854036760840084,0.05168432473354454,0.021977173862829373,-0.0032794879436580516,-0.009262884025211436,-0.03458670895703756,-0.03773372866361732,-0.02881857979629477,-0.02840009867248699,-0.012838388765397937,-0.00012747744888423818,0.0041584785410954915,0.013083180249084302,0.014495547001837507,0.012178239657952556,0.011602978609677685,0.00539298071711013,0.001806285090541565,-0.0006801973402049961,-0.003898018899797689,-0.003992874626299313,-0.003316621155474169,-0.0027144461663602417
s0500_re_106,-0.03984990055275226,0.08378485113965387,-0.07649959918559346,0.07635112499192356,-0.07545389230753086,0.08656945166413907,-0.04641653607891336,0.053300528415980465,-0.012764165096121487,-0.00494548148895272,-0.03469912904492728,-0.024777848777133366,-0.03412382940371137,-0.017608874836461487,0.04802755670027168,0.018765833894984426,0.058471315380318196,0.031934295175551006,-0.022307187769162497,-0.03939433432181745,-0.04606676039752515,-0.04897858408286683,-0.0030687954276853923,0.03511563549320877,0.03506174490964512,0.04011408714740058,0.017619421235258087,-0.02647205589574868,-0.037626432311453746,-0.03795181655312484,-0.030491765531317314,0.004241967332823711,0.02885899577535976,0.027785300777152966,0.019688480193157644,-0.005038883545363519,-0.034565678838501555,-0.041428238712635124,-0.032301409452164434,-0.016426657811026257
s0500_re_107,0.0046577285791008114,-0.004794076651191577,0.01277327279014898,-0.01341758229644703,0.012618909927411895,0.017293188352103105,0.0013769169111424201,0.032695542732253606,-0.018106179980353382,-0.018572393521174683,-0.0226268804462999,-0.054798701075509514,0.0018105731522404518,0.01366041070385632,0.03486254933640902,0.06822408258501199,0.01736576738844192,-0.00932881745685495,-0.03815246390462766,-0.06585961026666316,-0.026337564488207284,0.006684195345444328,0.03235630850831507,0.056378334822923086,0.027497130535944825,-0.001404648462447122,-0.02743285550089248,-0.046037433425858774,-0.030112359617876457,0.0008159162603274963,0.02389976051364899,0.043266518777199496,0.025521663962916323,0.0009434401552430826,-0.026894496657980653,-0.03330276809721616,-0.02400110070204113,0.007087314979522666,0.019396419447339372,0.03418891217209546
s0500_re_108,0.004648922085496884,-0.004718530159481921,0.0135051898694985,-0.013495635284988832,0.012545526042183583,0.017758419854957127,-0.0010524193943156688,0.030284830928044966,-0.020143066318088203,-0.022819531109937674,-0.018873154425325483,-0.04982641004257654,0.00897339554575596,0.0255420597133016,0.03455638511732472,0.06079377467534426,0.005199581849475379,-0.02713818699227523,-0.040882652267350064,-0.05650322221928727,-0.010616522214979779,0.026927130085453464,0.03930230582815212,0.04819282876554362,0.013435546736584631,-0.020394699399956123,-0.03389473774766879,-0.037643868436357676,-0.012091951929529221,0.02210218191093427,0.03498540299376439,0.036152864098421236,0.010222956743505464,-0.01709013441007977,-0.030989278409735723,-0.02126215922367161,0.001291468167068908,0.028422213580536284,0.031599641686716695,0.02820997540594285
s0500_re_109,-0.0011864529858114,-0.020404160164117068,-0.00901357615019941,-0.055890503726172956,-0.058959218547853784,-0.07031557785909243,-0.12101708590795046,-0.0873221959200195,-0.11138190312263084,-0.10473558623069743,-0.0400956945718123,-0.04596795168010102,0.002538261519867786,0.04747347025207716,0.03349024162296162,0.06433863375704671,0.06661017967670387,0.041057947529526885,0.04808942393427828,0.02244853193629542,-0.0067027490775910595,-0.011196819212195527,-0.03214187065932093,-0.03789250158425609,-0.025931151740921688,-0.023654419899532198,-0.011492107540527456,0.0017577341882912636,0.005101308839355285,0.011900601733514397,0.013794647071721821,0.010319255590856276,0.008933552937334006,0.0041951489217432756,0.00040717187314237037,-0.000775017394416083,-0.0030956936457429965,-0.0032918739511752456,-0.00241497618082791,-0.0019175095025149832
s0500_re_110,-0.04154621941905899,0.08633574573925853,-0.07882022184980415,0.07938321039901215,-0.07712181228882954,0.08859936843388654,-0.04174345241814074,0.046472661623261476,-0.010407705928680401,-0.011187352743536006,-0.04119287469601701,-0.026597149125860704,-0.02104700321008385,-0.015931313816433628,0.06502752279352021,0.032323766542988935,0.04049329159226258,0.020207168205266666,-0.03802492968492595,-0.05983913561579174,-0.037363607637760754,-0.0212469919810821,0.012164352938259114,0.05439018387712351,0.03992633898799604,0.014942016626989046,-0.005009783084383225,-0.038149941598776736,-0.04908618114252809,-0.02044625626398351,0.0010343225528960769,0.02492041804322279,0.03767298872930165,0.02254965549636162,-0.011343744217550317,-0.027100885105813946,-0.040625469532161854,-0.026546426031639727,-0.006765421585697661,0.018444357489197892
s0500_re_111,-0.0023412128203822505,-0.02249126486940824,-0.010659155379148633,-0.059655911849138044,-0.06598100725336728,-0.07369125808628954,-0.12859159682180243,-0.09426910438531674,-0.10844793363644051,-0.10791077053314008,-0.03364003646502466,-0.031631452224610654,0.00588170949357929,0.05925444337679924,0.04277473826596127,0.06243526890299552,0.07250200938452182,0.039591474822809086,0.0373374152386947,0.017644080630867556,-0.01820584683956995,-0.023247059079060994,-0.03367850348200232,-0.03986431759507654,-0.02367846755937652,-0.015548491030543659,-0.006948015373555624,0.0073588683002895686,0.0104106351750354,0.012867641981689184,0.01447099244009283,0.008930996587665153,0.006041152291343239,0.002391770594821614,-0.002216156628614589,-0.002892786041220168,-0.0036476000147476367,-0.003465505965528263,-0.0014573813143002265,-0.0008163722520988584
s0500_re_112,-0.05303711472914823,0.07754546041350786,-0.10925734807014985,0.04849660034368542,-0.14591428409234958,0.0037197116690859903,-0.14024677334688945,-0.07795437116277729,-0.1073457743818681,-0.08220855919510472,-0.0837675449071988,-0.0425231149037734,0.011580554958845957,-0.015332378521905514,0.05563049877023988,0.057107701542330254,0.0442556692835747,0.056076279244973576,0.05972421164521739,0.026476452454511974,0.013297325749056142,0.010476465826799165,-0.022387561227245324,-0.034659544140339026,-0.02463475111864743,-0.03090401752593219,-0.028186417751543714,-0.008111530231164496,-0.0008288878922781659,0.0002783568122598543,0.012014352524510483,0.0152994827947496,0.009633762793108135,0.010250729487218937,0.008924402758418656,0.0016201785502583397,-0.0003849096519908352,-0.00023502744977500512,-0.0034271161075140884,-0.0034918225698552454
s0500_re_113,-0.050590274069251345,0.07663637835302456,-0.10501150794129714,0.047565099395740676,-0.14395773951879492,0.0018029645386287078,-0.13672862644198278,-0.08052990719518387,-0.10649601185976915,-0.07761543308981858,-0.08060041089080827,-0.04189678975600218,0.01999807309839905,-0.010739769986931125,0.05118506616994625,0.06163797292400827,0.04524320795914764,0.0493644372487203,0.057710101178254467,0.026891424379060152,0.004327711561966133,0.004312871630572421,-0.021574874923286764,-0.03914582693394045,-0.026167713063863535,-0.023962038318815996,-0.023939157408983457,-0.007017551552732403,0.004361747973129473,0.003654838059812297,0.010194312018053578,0.015169526783251229,0.009548504912604495,0.006918110455116451,0.006858527936621603,0.000654740954362463,-0.0027124109941778843,-0.0015541258410520743,-0.002383542330921566,-0.0038463550159966472
s0500_re_114,-0.039859585098061215,0.08362253986101342,-0.07589677178201706,0.07707323161406865,-0.07446660569343648,0.08724175560857476,-0.037847507851904036,0.043276388483755764,-0.008932372793453736,-0.012954884490311468,-0.04452538656542626,-0.027540751700757083,-0.016970115045790754,-0.01430793722423116,0.06891824513685343,0.03899835621147948,0.03279711930995497,0.014245821176978176,-0.04081055865727272,-0.06391232571608599,-0.03306766654991768,-0.009787463950347217,0.017536385385944226,0.0557260333482688,0.039916424159180085,0.006266530317502852,-0.013978756938425622,-0.03875256736926866,-0.04705579587433005,-0.012751911090918413,0.013539176996156206,0.031082895385346945,0.03481857440818211,0.016975967844835307,-0.020228489058046382,-0.031870551517622185,-0.0351492334078052,-0.013593301840557959,0.0047338023573589485,0.027832372682061176
s0500_re_115,-0.0014613619873146933,-0.022191765491355597,-0.010227283022513946,-0.0580530723405437,-0.06318074378508254,-0.07238676444888287,-0.12545703217904414,-0.09236368844831774,-0.10983899372232525,-0.10812831151870328,-0.03723318978337296,-0.03883748507308435,0.0033637384223719276,0.05459773863272523,0.03898524116753037,0.06443924338349132,0.0715129916686674,0.04118384503481622,0.043511830336889476,0.02092202793428162,-0.013316172633467458,-0.01812866196149692,-0.03359039555340991,-0.0403720774877892,-0.025447297311993664,-0.0202709897622297,-0.009815006818546298,0.004951773844315694,0.008014859105799532,0.013025459242971606,0.014999819794690566,0.010040993801648735,0.008084054327577975,0.003637295745687765,-0.001117469315836914,-0.0024335977413527726,-0.003892561106658031,-0.0037345386715031664,-0.002183834702589886,-0.0014051245152319348
s0500_re_116,-0.04121496667897735,0.08610762452925702,-0.07881750797592808,0.07880655516156346,-0.07712320947024387,0.08818919135020314,-0.04518245646498281,0.04987905725917891,-0.012147187160039253,-0.008839895523510615,-0.03770155140460873,-0.025497215686458713,-0.02689307112745418,-0.015219889888083978,0.05873038487295543,0.025223950979382022,0.04932323939409458,0.024327440812116224,-0.03441453882043591,-0.051780019398312255,-0.04079116422096393,-0.03421404345708774,0.008272823001689517,0.049331958006769275,0.036747075837411186,0.02665970632350451,0.004165448776755823,-0.037314306481791536,-0.04631563890729396,-0.028464657213904756,-0.013800067697857485,0.018104123126693385,0.03737408804084813,0.025854932801431026,0.0012178899488009647,-0.019773558792584436,-0.04385507494449407,-0.0364062025498486,-0.018230182734549752,0.005092525228930382
s0500_re_117,-0.002191124748557179,-0.022400933055025544,-0.010151433085039394,-0.05598009292834304,-0.057542961892883604,-0.06737034661194177,-0.11666820233086221,-0.08211572345337295,-0.10573761860448178,-0.0996902672474109,-0.03619617214685779,-0.043300837187177046,0.003740696100568039,0.04727846268159238,0.03150211070891606,0.06265485307901573,0.06316348723984862,0.03825309749708732,0.046509607290254606,0.021469309894643424,-0.006240281542637623,-0.010816694333308055,-0.03189238236555099,-0.0365083671598016,-0.02444043049083577,-0.023674523231113038,-0.011194839487665606,0.0019245865041574864,0.004858990968556793,0.012191646966919382,0.012738925130860817,0.009613555981737907,0.009916396598301678,0.004300399458505491,0.00024130612541574582,-0.0009816438460553472,-0.0035226690119593233,-0.003415296560733385,-0.0022760345607382958,-0.0019346577587248442
s0500_re_118,-0.048824025674496264,0.07153826016836928,-0.10239719657154037,0.04406067721333053,-0.1393164976969593,0.002380795103799091,-0.13487150452597718,-0.07541688238299199,-0.10376620334739155,-0.07861987536998764,-0.08251783997600831,-0.04076790206270392,0.01046455226111567,-0.014811553342180366,0.053831679190907075,0.05584757455284329,0.04257616435359696,0.05373909245418659,0.05772697324267036,0.02542988636957427,0.012846319496044334,0.010439455580377597,-0.02060776162981617,-0.0339387601262206,-0.024001148570443897,-0.029520000461084127,-0.027529347032120188,-0.007571712680794679,-0.0009214445306138914,0.000490401372391415,0.01151622456980278,0.014345897328504439,0.009089195004591334,0.00926742371359641,0.008857003727689165,0.0017983946891329677,-0.0008313071915391733,-6.97588129572485e-05,-0.002806170677596381,-0.002851515437280618
s0500_re_119,-0.03927509018683343,0.08142763993228605,-0.07417890755801339,0.07538575627540488,-0.07312010498818249,0.08570058958480294,-0.03933268920510971,0.04318064735229636,-0.011783076233380249,-0.012810491359835925,-0.0432686132490693,-0.02354205850335976,-0.015963827809896573,-0.009710929276242132,0.06845670701603461,0.03387756502724818,0.03200291303594538,0.010518957070581552,-0.04453301307869594,-0.06190046838423193,-0.02975704165653299,-0.0074766436103292765,0.022220961405432088,0.057648664243570936,0.03551045038298699,0.0030632438913504034,-0.01703856444732368,-0.04107388144580903,-0.04339350884246862,-0.007899339719903161,0.01554469819394686,0.03229535225708691,0.034321575082497,0.013337827465251178,-0.02304253077805198,-0.03136899783653934,-0.033906418222432476,-0.01063189939237076,0.008652983573848309,0.02962509559676806
s0500_re_120,-0.002379235417644756,-0.02362459534679512,-0.011727844854809311,-0.06069206838779473,-0.06653080378318309,-0.07479120599206124,-0.1291326062508532,-0.09332363725325095,-0.1089887026889507,-0.10605242885744975,-0.03195546343614024,-0.031084596474505247,0.009382692394637881,0.06044241718272908,0.043644496504221135,0.06438479327426025,0.07040099539798386,0.03767135884027341,0.03654513022018195,0.015469976184413212,-0.019114054774670392,-0.023058369054577334,-0.034477751831521145,-0.03941084794211903,-0.02303825091921015,-0.015643445581310075,-0.005566231535393831,0.008367638659577735,0.010889737639594655,0.013528093561473557,0.01404014676206702,0.008586952844579446,0.005679600216225708,0.001587639809919185,-0.0025531045151124397,-0.0030674054747593335,-0.0038584424724186768,-0.0033632835661788546,-0.001709824955432766,-0.0010899329776936377
s0500_re_121,-0.0422304116675091,0.0884842744495399,-0.07998866644009713,0.08120553069487131,-0.0788399283561955,0.0895055947203866,-0.04286695050818827,0.04420808963821658,-0.01085698276950906,-0.011534487939285663,-0.041604694532629105,-0.02489295444732572,-0.01630672918321155,-0.015824898451984405,0.06567948103332778,0.033221875512127595,0.03348246846546705,0.017055371416803005,-0.03772629950871139,-0.06000557842180765,-0.032661625121291414,-0.013165175730686937,0.014131237133176778,0.053429371758994176,0.038340870438294254,0.007736365163628661,-0.009504334557920036,-0.03632586304341778,-0.04612124622945206,-0.01450555978078599,0.007823927129022613,0.02639926021454966,0.03436587399950504,0.01889887195016473,-0.015905773761796495,-0.02833070009240168,-0.03516245451477508,-0.018507421381907196,-0.0006001880528688818,0.023243622689697183
s0500_re_122,0.004205382409005407,-0.005887630591968968,0.013346637041214566,-0.013370224588066608,0.012185869603454186,0.024326154467343725,-0.0022055021212993996,0.030843553217373768,-0.018964828400521806,-0.03769538183035303,-0.018880492587315927,-0.04994047562800074,0.00803698600307261,0.04740414400400627,0.037994149332622004,0.05433520967469593,0.00010194790069409491,-0.05058276864261777,-0.04492919699399057,-0.04300997895404014,0.0005657213613766706,0.04626323662218673,0.04328373565460677,0.032344803351673175,0.0008650217925479406,-0.03822065616489041,-0.03861288355716649,-0.02220879564958142,0.007665197297680076,0.03891048885890526,0.039471562924346296,0.01705895929128519,-0.010514811836965482,-0.031659142852089234,-0.023968001440103415,-0.000349414548836409,0.025589614092030217,0.03578365549266522,0.02754858147559717,0.005577907809297112
