ID,CC_1,CC_2,CC_3,CC_4,CC_5,CC_6,CC_7,CC_8,CC_9,CC_10,CC_11,CC_12,CC_13,CC_14,CC_15,CC_16,CC_17,CC_18,CC_19,CC_20
s0311lre_0,-0.054571732106199845,0.08699159099387266,-0.1201801985560034,0.048686862660859365,-0.15491377744169393,-0.018182919175810986,-0.13282645016190295,-0.09593834223050163,-0.09294688415753052,-0.059905159435474,-0.024157195845835075,-0.014943445991432436,0.05716103526832423,0.04502256798691701,0.05772467911525175,0.07353618824831401,0.06402983735043784,0.046696714846329736,0.03347492071998294,0.0166292983544505
s0311lre_1,-0.04760484005055999,0.08986896176721973,-0.0923294288229889,0.08633402631246172,-0.07766459816006982,0.08604840151294513,-0.036801111161067504,0.0143781541550157,-0.031252094923643114,-0.04341206979149529,-0.046359894043401524,-0.022239221086129208,0.03998252312575147,0.02638770419111202,0.04413156226037851,-0.004408351186682827,-0.061850192160110784,-0.06640635594385134,-0.047362636066211154,-0.013265999976306635
s0311lre_2,0.0043639364653350055,-0.004160463289899869,0.011085030282401051,-0.004661353265042871,0.02152866998300388,0.029979197623933685,-0.0053354578587894805,0.005580538497676409,-0.04922234857035248,-0.04884139408625697,-0.008692492343890678,0.02436732127000882,0.060652893583638415,0.05509255878803185,-0.01619717845698699,-0.04821985216722035,-0.0628218489839189,-0.014232881422277202,0.02345133736399553,0.05877386655081602
s0311lre_3,0.005070493560758591,-0.0036606286474052028,0.012407293015364924,-0.004631818548504875,0.020755370137170864,0.02895418590511711,-0.008181420620511288,0.006223634487941686,-0.04860647146306177,-0.04738310193607564,-0.00819156371563519,0.02273523621955194,0.05936383874031985,0.05514500061114696,-0.01641721084411885,-0.04743543117102673,-0.06226378274309569,-0.015278863238685467,0.02255779916041334,0.05908623033215379
s0311lre_4,-0.0023525436301808926,-0.028972047500338573,-0.019721937283221663,-0.07408607372231046,-0.08284168840288875,-0.09252451455332134,-0.13542981187484945,-0.09770169855915616,-0.07001789274129412,-0.048187515507348365,0.01857329150655614,0.03919976593950767,0.05403956363660923,0.07130664685384701,0.07020294714888418,0.050954526215941806,0.03744630985103685,0.005138069374123344,-0.011090221656181327,-0.022179292987380275
s0311lre_5,-0.046195311098922866,0.0876039686025681,-0.08945386298985135,0.08379226063233199,-0.07515877032703883,0.085071230919594,-0.036899411067480306,0.016358426425239388,-0.03214156144990403,-0.04287612430220004,-0.047384024864390036,-0.023251409859499365,0.03714730324774355,0.025650994071186525,0.046015512084146684,-0.0023182630226436887,-0.058675556796077895,-0.06782530331827889,-0.05172133950895904,-0.015865061255038407
s0311lre_6,-0.0004138888747883343,-0.026763105227747983,-0.018629409988539535,-0.07413152361045289,-0.08223642765054452,-0.09588747311261464,-0.13699919245647324,-0.10028965090208022,-0.07407462735755554,-0.05132174467478833,0.015533713591071916,0.039028889325957945,0.05634600100117932,0.0720369522329852,0.07068616482021713,0.054181078218038366,0.040747599057343716,0.00793726131117825,-0.009109807358428739,-0.022418365219349964
s0311lre_7,-0.05638281073721104,0.08651908107972867,-0.12305411715817675,0.048289475465327636,-0.1565844271614811,-0.018058735970310765,-0.13347569124398465,-0.09525174652786306,-0.09142020101313225,-0.0601243549983662,-0.021902952138884907,-0.012917161168351768,0.060257422221804934,0.047304918185090944,0.059656072876683036,0.07317266523694929,0.06415699773517942,0.04661591991966818,0.03244947053712569,0.01596077304142693
s0311lre_8,-0.055601850602538264,0.0835364792374588,-0.12165964233550718,0.0474202326401303,-0.1553465509889097,-0.01737901175117167,-0.13159014881046296,-0.09267599963954437,-0.09106550123042349,-0.056959035603506285,-0.020275439264760976,-0.012435511784426149,0.059008558057750404,0.04760500509344802,0.05793484325376731,0.07082299488004858,0.06417350686581279,0.04564776931589713,0.0300226864554318,0.014471826654654721
s0311lre_9,-0.054548834319561076,0.08091644736491536,-0.12132311570024865,0.04184294711633574,-0.15764393150958764,-0.02341024675714843,-0.13606306766929946,-0.0953780154224879,-0.09027749158811621,-0.054934161946267795,-0.013333859424268006,-0.0044679718730538664,0.0656310984226246,0.05540036292054048,0.06357109284752545,0.07284939198637005,0.0627077257359954,0.04182692870797068,0.026460420274145618,0.007570262164860907
s0311lre_10,-0.047239515719594935,0.08905747391304074,-0.09160107451842656,0.08579431857099393,-0.0763943936633623,0.08620949056107585,-0.03503893881213498,0.014727665249699354,-0.030338794264518392,-0.045816435395689005,-0.04984340478191368,-0.025256094739461235,0.03744215154339871,0.027116969454853264,0.04752577332024939,-6.600053797018576e-07,-0.059411547708826146,-0.06953682190734102,-0.05285269000536477,-0.017409631508337936
s0311lre_11,0.005852165678284674,-0.0020289217984921447,0.015030503369117345,-0.0021509796323093367,0.02372106111744999,0.030764967754645548,-0.007771549129175753,0.003361165176583136,-0.04501764251729941,-0.0421269449408949,0.004885506092435992,0.03569923290694338,0.06045631742188075,0.04607425669989835,-0.029136422723723132,-0.052058669123379385,-0.04602247511053116,0.008310882833222706,0.04176836881568273,0.063494749450567
s0311lre_12,-0.0030242346823369207,-0.03179669738141272,-0.021494974773031923,-0.07805496383125443,-0.08447071245310873,-0.09632711841408859,-0.13539001052212318,-0.0963358444632384,-0.06744670063816073,-0.04346127284274311,0.022372927066319243,0.042982880543880456,0.05706427223156253,0.07115469373875088,0.06840530546547176,0.0470642944250276,0.03126383802874705,-0.001379975513681979,-0.015653951452601265,-0.02617327677029985
s0311lre_13,-0.04615668588052476,0.08783115003392171,-0.08970337658800956,0.08510913476280958,-0.07526868587345784,0.08698189337004247,-0.03620972417507759,0.015052493163502906,-0.033470057628598275,-0.045058628267110094,-0.04756724426496622,-0.021189367784233328,0.041683134430219815,0.0292048586380792,0.04349856358544988,-0.005492778179944992,-0.06340997488998894,-0.06864059570723662,-0.048970623754318494,-0.00698596167827584
s0311lre_14,0.004811893281789996,-0.003508444659495759,0.013257867477206172,-0.0036073773643825616,0.02295383926624315,0.031753031467555065,-0.00510720303192702,0.004576987469996859,-0.04856214539493023,-0.05206451112673404,-0.009420659888330352,0.028010867076380973,0.06042382259075712,0.05633102220565104,-0.01697921554684324,-0.05082992883924482,-0.06042980796831443,-0.011094632073815384,0.02462995363973731,0.06154178555566167
s0311lre_15,0.004781016334469542,-0.0033264349585231446,0.013453037056059144,-0.00345765475478335,0.021313250458448608,0.030321960069744736,-0.008143889142168596,0.0030643559658363353,-0.04571360306251354,-0.049231199882757336,-0.003928863028121386,0.030208506442753667,0.05895574825091382,0.05338874023877982,-0.020252057419808133,-0.049963525173011676,-0.056003892960936975,-0.007266372668736109,0.026940831939713458,0.06123369934674491
s0311lre_16,-0.001985872847773593,-0.03061234546374226,-0.02145990813134816,-0.07599803723456808,-0.08532775373453799,-0.09287143752082928,-0.13551156272372622,-0.09911978717151927,-0.06571829437433328,-0.04406176673901417,0.020287445528632077,0.04444707608664978,0.05561504785616272,0.06937735328427697,0.06959076401649855,0.046690965392402445,0.032437660923693934,0.0008629622568002176,-0.01552682431947428,-0.026941452822378097
s0311lre_17,-0.045739635777861117,0.08764466595187008,-0.08949745178046133,0.08456100067305178,-0.07450922690688935,0.08650858829712706,-0.034425272236851955,0.015135366913480351,-0.03222318861359937,-0.0457592457823192,-0.049348102400522814,-0.025949087005676462,0.040112181831399175,0.029561827115854086,0.044817672070117776,-0.0016104195639167688,-0.06109955316626116,-0.07046808438504781,-0.0510987675218624,-0.013849679808903462
s0311lre_18,0.006019276747263455,-0.0031489518025645353,0.01474036669979553,-0.0024220066120108938,0.024074074713880955,0.03219515068273687,-0.007167347096538954,0.003468943218292704,-0.04664662006597043,-0.047972629562964886,0.0007330905678405979,0.03582742553502283,0.0621181727560094,0.05028114875857871,-0.026100024132091205,-0.053464134244269754,-0.05180705546833647,0.003501970832856107,0.038299133117277034,0.06445929036810549
s0311lre_19,-0.0012631904729055426,-0.029912081617089307,-0.019849319345973875,-0.077410793215499,-0.08644524632702112,-0.09608899827247888,-0.13831529258426287,-0.09979043482075177,-0.06667741738336815,-0.04474413919433759,0.022923105653397287,0.04645131502280783,0.05764230228814105,0.07113478271935403,0.06995538376379914,0.04578811077197975,0.028633482901772443,-0.0028530166656193044,-0.01742798389579909,-0.028171342829113277
s0311lre_20,-0.055554332999960085,0.0852487435847258,-0.12236571572017055,0.04741076982734198,-0.1565259139422618,-0.022016078645932104,-0.13016333671888172,-0.0964505182495016,-0.08981163155743749,-0.055347403382765614,-0.012547656620950292,-0.010003274736878918,0.0603336826194841,0.05300853953986159,0.057318571778410564,0.06866742804404762,0.0626639443928387,0.041085682663318156,0.023759554076467262,0.008457221725953817
s0311lre_21,-0.05480028955819352,0.08176631305379674,-0.12219270056303902,0.04266051732325858,-0.1587499714576775,-0.025132593171203754,-0.133030467576583,-0.09615362183568239,-0.08840893215093064,-0.050843683181137724,-0.007278694979260262,-0.0025782298458006717,0.06673144822163612,0.05806579836886012,0.0636759520796755,0.06875207243438947,0.059635879827183734,0.037263134376858735,0.020465510367661973,0.002852562377184397
s0311lre_22,-0.04708186753551937,0.08840695934745565,-0.09059950572336777,0.08564344219590307,-0.07499218881257383,0.08611209124004286,-0.03492714690513646,0.011819483798252475,-0.03252604561775995,-0.045486364598481405,-0.04744908856197171,-0.018270305122271666,0.04428309184926437,0.03157675824912736,0.039180871138878984,-0.009454440754750345,-0.068639879797611,-0.06676919683234904,-0.04414486840525328,-0.0017068983306402928
s0311lre_23,0.006089955445824416,-0.001736344992511778,0.015514878362413867,-0.0023547334517183206,0.02379213378226119,0.030800602041146326,-0.01033514419043009,0.0013965343960373763,-0.045446792387729744,-0.041197243498191066,0.011126339464286681,0.04146972586520572,0.06257270311410897,0.04100892483807931,-0.03520559889899631,-0.05337942062144605,-0.039074540578328265,0.017074723299509216,0.04869657137122406,0.06310243531637234
s0311lre_24,0.006049977072464571,-0.0016554177655129735,0.015395037300521903,-0.002552683504735703,0.02428647066064506,0.032671137170047666,-0.009029188142055937,0.0029299909932621613,-0.047317247261214876,-0.04481341107304692,0.003282002095726665,0.03884549839051268,0.06290333997807859,0.044446943162773096,-0.03001038081404866,-0.05225215936116824,-0.04383236135346359,0.009132447402272143,0.040822398034568,0.06303570071027265
s0311lre_25,-0.0009194680140952976,-0.028380752620788503,-0.020896769800907867,-0.07773861356309857,-0.0881176647972093,-0.09856796788082665,-0.13797544469133746,-0.10199790842182105,-0.06691151270472359,-0.04364822915648536,0.021250164890260038,0.04857867951251268,0.0608632391195763,0.07144076865824271,0.06817914041388128,0.04386848998777998,0.0273528070709666,-0.0036559174320518703,-0.018551168508314266,-0.028132684230110356
s0311lre_26,-0.048903064118103114,0.0917744898446929,-0.09421534721301435,0.0878921497526725,-0.07746325246185551,0.08773068405900478,-0.03465336519279277,0.010052849386456158,-0.03116393726066306,-0.04653163666002125,-0.046710426799889654,-0.02048701828921734,0.04673372381884502,0.030683495848134783,0.039300391853452396,-0.007682400353429296,-0.06863145619576944,-0.06773565984290011,-0.04281194418461761,-0.0025857808897289374
s0311lre_27,0.005669393684033182,-0.0028870422182865423,0.015299403233360478,-0.0019056893413654978,0.022200206769788712,0.03184553399266165,-0.009825471185921248,0.002865518016376994,-0.04526885813577625,-0.04596053996912031,0.0033701428375971657,0.03702461837544241,0.06077712955643953,0.04593701265900777,-0.0294356988270031,-0.05242525893360594,-0.045813438231625196,0.007151780550712396,0.03947660412409149,0.06207007647955585
s0311lre_28,-0.0017642406940748354,-0.029370201136317903,-0.0208414190745785,-0.07594813513473608,-0.08788115439825761,-0.09530483839492998,-0.13812209706666687,-0.10112756086901448,-0.06346130816734223,-0.04082301614465227,0.022125709942775393,0.0462093617561004,0.05713963230375013,0.06780084649627968,0.06763392125822612,0.04386492498312984,0.02527391394840788,-0.00466784939364999,-0.019212274242662163,-0.02746429569559336
s0311lre_29,-0.05528818037349919,0.08327760474232257,-0.1229353257262155,0.04215517501656857,-0.1603454862718465,-0.02757917967592654,-0.13485469652558557,-0.09874625697794506,-0.08715799098146891,-0.051333724913591006,-0.005408643064411091,0.00029508179018445854,0.07003562364421946,0.05997847114968863,0.06482215818436103,0.07152180483859388,0.06026282095033923,0.035362879627237116,0.01980633241926731,0.002124568009599488
s0311lre_30,-0.04837365278032731,0.09134206118927081,-0.09269719242075308,0.08833461438330999,-0.0757633532156114,0.08764799080147664,-0.03315482737499347,0.009331292705314022,-0.03246939074735844,-0.04702142125712963,-0.047128692387430525,-0.017997437676623887,0.04908569481471268,0.0324084661551562,0.03728895980826568,-0.01053443442575582,-0.07121888845289494,-0.06540090896750898,-0.039721572710289386,0.00044668405896906377
s0311lre_31,0.004229158793382186,-0.005025981138007073,0.012968352861518036,-0.004025963614925491,0.0228107439575893,0.034996830803527,-0.006671527960474372,0.004656444229432884,-0.04732013467889329,-0.05688908185773518,-0.011177708261111698,0.027846088233563607,0.05999908460515382,0.05747885550237078,-0.01772533093681387,-0.048783606797768664,-0.058666981720352715,-0.014306592393596624,0.01984163987030424,0.06076317766609941
s0311lre_32,0.006336281847630232,-0.001994567161757797,0.014209387363574529,-0.0009663951879192911,0.02170400576547162,0.032684172476834236,-0.007130765370174873,0.00022402823826863687,-0.043111849968432904,-0.047664191666348665,0.0036691305550259354,0.04167856627585506,0.05930621799682044,0.04630878690431506,-0.028302922345468905,-0.053301279296421526,-0.04644568992026167,0.009620411460559135,0.04111978497998456,0.06392806628840639
s0311lre_33,-0.002992169099398842,-0.03205650635702251,-0.023716261080506163,-0.0812625030877139,-0.08881678976168557,-0.10015439958431832,-0.13971071742011418,-0.09764858296596039,-0.06497126266311082,-0.04021571969890545,0.027495164355843007,0.04960485199497677,0.06269806365113854,0.07333440898667105,0.06784607915204416,0.043479907078941685,0.026583471156664523,-0.007561029214478715,-0.02059969728539277,-0.02908919695977935
s0311lre_34,-0.0472214694524528,0.0893796850504405,-0.09122664823370633,0.08604672857049976,-0.07711780736467673,0.08595457145942363,-0.03573488808810227,0.012968527661711351,-0.02983687230083337,-0.04442948387298727,-0.04743778123677036,-0.02309560942890241,0.03952927594545161,0.02706085444114432,0.045504339462690134,-0.0021003253723555918,-0.062158305486557,-0.06783019290849865,-0.049032493440992544,-0.015055665617210246
s0311lre_35,0.004376349152973703,-0.003835930297563604,0.012456742390646812,-0.0038916724856229174,0.02038837409121079,0.03037652486652195,-0.007671673957246647,0.003644209391456749,-0.04580867035549675,-0.05113259808526625,-0.008011584837788448,0.025612106973266532,0.05731581290723081,0.05533015288722971,-0.01720491670303065,-0.04773228225223486,-0.05798424445057663,-0.013193017533808674,0.019947622721100657,0.05878039631858926
s0311lre_36,0.0044472940018741814,-0.00255884080225042,0.011468442170250098,-0.001870166536868288,0.021589146968197793,0.032062826262783214,-0.005664041414081367,0.003924838880888716,-0.046687142445645216,-0.05112429373930365,-0.007135154520119166,0.028713760281832094,0.05949833225374635,0.055019968469620616,-0.017973501196902043,-0.05021685359459105,-0.060336583272638515,-0.009977160011012091,0.02589889632796557,0.060939758466539276
s0311lre_37,-0.0007633948633235598,-0.027723270027164248,-0.017965495491242527,-0.07440743758624013,-0.08221161155411817,-0.09458552191138792,-0.13680468532704965,-0.09950499713285095,-0.07354300404579941,-0.051358853904119976,0.018440477824025334,0.03988607709390722,0.05606179277676277,0.07290478563546544,0.07002748552762435,0.053026524550469016,0.04095511298730623,0.0076585186043036145,-0.010197750802309518,-0.022769324959694488
s0311lre_38,-0.04796353887920161,0.08984247509310073,-0.09164821273369057,0.08569005598544938,-0.07757044971027824,0.08416128106925991,-0.03802697992435659,0.013995669848660585,-0.02945777335360812,-0.04255102792534308,-0.04431400512058245,-0.020600423671331806,0.038025443516711395,0.023645883659681937,0.044282572406696336,-0.00523787583751392,-0.062091522305290865,-0.06530607939134135,-0.04813798298340452,-0.01389125368649391
s0311lre_39,0.0042816237061722206,-0.004175042464509675,0.011518023694212487,-0.004609299755171349,0.0201905304524705,0.027722107581327683,-0.005828412481011784,0.005814931877419833,-0.0476377031912249,-0.04816143352680208,-0.012248297755674953,0.02024750960737924,0.057302075948535015,0.05555354808037577,-0.013138116118551719,-0.04656460677425442,-0.06371050343318621,-0.019287130486376272,0.01569382340336248,0.05414446843449127
s0311lre_40,0.003489431768191239,-0.004539849611564599,0.009819970709796792,-0.005367179229945361,0.020005756729645222,0.028568296548216295,-0.003856276389283375,0.006957396244842237,-0.047314705981464526,-0.05115986325468517,-0.017483144165536636,0.0155791892368348,0.05514401559186452,0.05917848323723916,-0.0062230266025191956,-0.043780743163167046,-0.0687622440755761,-0.028414443189248764,0.00756013525822799,0.051927192772930376
s0311lre_41,0.004145044528470607,-0.005361162884289197,0.010986567887897732,-0.005954097527116738,0.020301228326671104,0.02892471050517652,-0.004896799195108159,0.006979745658369748,-0.04705620812490332,-0.05101964819508514,-0.01705946354780874,0.013662709801747117,0.05438351506490299,0.059702400747418546,-0.006498801743986355,-0.04221625354154994,-0.06798377836166124,-0.03113465528136206,0.005902115891706842,0.05021726952830413
s0311lre_42,-0.002150250242842268,-0.029553044108242294,-0.018845133205260673,-0.0713056046174262,-0.07855210690880429,-0.08963556963799094,-0.12876643553804465,-0.09555770982587794,-0.0721450996712266,-0.05149834744269668,0.014591659662700346,0.03617503438148744,0.05123359670075946,0.06883381095548194,0.06971507748844867,0.054461718177023284,0.04304139129562235,0.013107323601433579,-0.005499413868831223,-0.01947088359919139
s0311lre_43,-0.0446838061704294,0.08546891788999612,-0.08704183041051708,0.08306094232539728,-0.0742399786412837,0.08360243828180469,-0.040737025967021646,0.015835009811787856,-0.034606578461593984,-0.041058555524796835,-0.04182353755771221,-0.015668619022436558,0.03929120797769816,0.025796743008154276,0.040111006113424975,-0.009966620675321848,-0.06431000417584125,-0.06392108228034328,-0.044381255341464546,-0.0038958278540294584
s0311lre_44,0.005105079147924737,-0.0026227310899071357,0.013325985526735995,-0.003257812715113302,0.022202751190306947,0.02818657309388453,-0.006026845093913696,0.004349913645456032,-0.04754829824939736,-0.0437199921543712,-0.006129926656342104,0.03018066736535713,0.06099658358741028,0.04869460039792211,-0.019893351285045418,-0.049092597942610255,-0.05587802562161896,-0.0055023357082841905,0.02982329538373777,0.06084635590761754
s0311lre_45,0.00481265848822883,-0.001932021996730435,0.013531234057466698,-0.00277902699284773,0.02436095595381391,0.030789293691790006,-0.005499896219280361,0.0035858490215605037,-0.04814320921450061,-0.047474963436531424,-0.0038139994402966973,0.03310977923255524,0.06243185174135455,0.051727991934587506,-0.022879132851319886,-0.05205491745342097,-0.05511889014795956,-0.0017418142285884116,0.03299247067193353,0.0631373136768226
s0311lre_46,0.0059036107338249835,-0.003310007770959103,0.015052054376116881,-0.002913335074508791,0.023471580980434507,0.029678275079945568,-0.00830424448101927,0.002791886339304807,-0.04549379578442775,-0.04479121986817906,0.0024070851146635298,0.03800833594218136,0.061342193385968725,0.045009844734989854,-0.02926167305415878,-0.05212081565808384,-0.045306718703806426,0.008399497138630791,0.03964289352614326,0.06331096644010463
s0311lre_47,0.0066642051346554095,-0.0012756369816357173,0.015696139386051966,-0.0006495002360366695,0.023894052045060024,0.029427710706893217,-0.00922780448269808,0.0011144727259692728,-0.045090875142589436,-0.039866527117470726,0.011315091495144144,0.044918388968752936,0.06173381642326752,0.03586217366015733,-0.036396099996516385,-0.0518163442989966,-0.0328456590918557,0.022606227867349952,0.05154491167940798,0.06120865488045124
s0311lre_48,0.00541237114874815,-0.0008112009999872012,0.014095674388927972,-0.001581074913504523,0.026298561567169036,0.03096065096724441,-0.005578447267022385,0.0028392960981697035,-0.049659671398157544,-0.044470107645302646,0.0036610702728607815,0.042122353246287395,0.06604325260751664,0.04300200139581476,-0.031168615818732023,-0.05334114417743974,-0.0452630969230193,0.012845827562944103,0.04606535897266441,0.06449430542996935
s0311lre_49,0.0053842558288016195,-0.004049411609701043,0.013868778047026258,-0.00358870013847875,0.023884227531058285,0.031747294225394906,-0.006184382040172588,0.005283815990711259,-0.05048175969127639,-0.05077649753103985,-0.006947049407818059,0.028780986321122394,0.06326742338318038,0.05461238034517739,-0.020205223590364228,-0.050260555565398796,-0.05887778644002834,-0.008627475255368559,0.0273824126236763,0.0610004974904445
s0311lre_50,-0.0006109308493472681,-0.028240173064917475,-0.018032717749390054,-0.07350363410514685,-0.08313373800484258,-0.09393486691441684,-0.13652948689843322,-0.10087727922531821,-0.07226014739613652,-0.0511722714102193,0.017383238073096753,0.03886894858833115,0.05383620908088983,0.07222516790827307,0.07209339263816411,0.053347811971956476,0.0393456055973407,0.0065686607726532014,-0.010695823353336046,-0.02308385380929626
s0311lre_51,-0.05634790579745996,0.08478033928000227,-0.12171912817586088,0.0481388985663626,-0.15436355175164687,-0.016928446177346766,-0.13142057785416936,-0.0934933059457678,-0.08969745119317928,-0.05828965438277898,-0.021494980578616183,-0.01265697089462262,0.057017532188917856,0.043653441748694795,0.057257756869012855,0.07173946931418093,0.06416595332903027,0.04687800362669354,0.031715249928606325,0.014713449603235547
s0311lre_52,-0.0653376931539285,0.06492180573271059,-0.12260380092287297,0.04651960717012126,-0.15307283832446852,-0.021238324662711777,-0.14083064714701504,-0.09592196077180236,-0.09125887367120891,-0.053545130051307614,-0.01573978821213656,-0.0026204986963707672,0.06383190836478901,0.04781112549748439,0.05607690986350163,0.06452101584597073,0.05703297655795471,0.04563189474980404,0.03453660892394493,0.017759512835331503
s0311lre_53,-0.060728955757858256,0.11259657243155757,-0.08475310842029099,0.09729785341946819,-0.06571606810294746,0.0830481873834315,-0.04568456569698253,0.004851952267421312,-0.031606111971202666,-0.03426875495691179,-0.030068527341522197,0.006794336650370659,0.03505923833226384,0.01628356851262482,0.02216946472260797,-0.03157293237325922,-0.06857859879529475,-0.040642560868032945,-0.021309430826900417,0.028674354646556825
s0311lre_54,-0.0035045097865783336,-0.02407889960971931,0.006499317356963405,-0.015952873039084,0.02073391442063396,0.028971108234513654,-0.0012612383594911582,-0.0024548678268130693,-0.06626779382236377,-0.04833966838099476,-0.013607793290734178,0.024574920084530348,0.06943340384665615,0.056013235796256694,-0.012830044359308524,-0.046556425536690337,-0.0729399554945097,-0.02182539552903013,0.012157258651329763,0.049298815616030695
s0311lre_55,-0.013048959089806633,-0.003744344096444757,-0.005121989506026041,-0.00048734074872030473,0.016285339228158977,0.03816541170255102,-0.0003861206161580075,0.007934278455234273,-0.04643295913858051,-0.0651225661147788,-0.028351619799726904,-0.002780565521070809,0.044416930229651,0.06825838443849953,0.008579170027221588,-0.031117225877079584,-0.06439940434279517,-0.05246600993827273,-0.020192399507408375,0.03147768765003693
s0311lre_56,0.0013237407624273928,0.0005039290725723903,0.0067554572076029135,-0.0004641661822181193,0.018663089978599223,0.030887928851841974,-0.0040263065824888665,0.008464215688658565,-0.0467448887595992,-0.0601713156714464,-0.023793311064193197,0.008002740391599365,0.05205057758447763,0.0658194482927114,0.003231585563592368,-0.037475083416471294,-0.07261054556505699,-0.044620943245393174,-0.011478625313587303,0.04217232722188463
s0311lre_57,-0.01477053934712379,-0.036379121169007315,0.0060702941323417655,-0.024056247345173646,0.012475436134967507,0.03826453049107447,0.002290767550325567,0.017457421304480643,-0.036796140337738474,-0.06762651667207525,-0.04615778409066766,-0.02124938092469415,0.0304922581607312,0.06571334525790869,0.03445518574710554,-0.011862640094425603,-0.06426226101797047,-0.0687683254307311,-0.05267026331581434,0.0014845527267857
s0311lre_58,-0.0066424504087746585,0.0036047324569567,0.0021182219251153,-0.0008141603303844341,0.007175350288190795,0.03427015444078431,-0.0007307127957819736,0.009601335201711352,-0.03174479739791813,-0.06503060136433253,-0.04148859184147953,-0.017673082521957567,0.03166292182627427,0.06718499061035521,0.024260147215243246,-0.0217907909109942,-0.06199767460685096,-0.06387108013610171,-0.04157593179317582,0.006021177668450926
s0311lre_59,-7.040718882548085e-05,-0.03969212115872674,-0.03329863623532091,-0.09588095831578869,-0.13236441572041632,-0.1126286112766725,-0.1256441471799007,-0.10226031482468236,-0.025818355588987006,0.011041449498526054,0.04193636642949945,0.07519342403419617,0.07505099447988242,0.04910332697139249,0.024734983742613997,-0.007591051003362044,-0.03270301091978845,-0.04814863289448405,-0.03778817364444067,-0.030216736938647844
s0311lre_60,-0.03942280349188572,0.08268176947089144,-0.08375174729129571,0.07888059838217017,-0.06307749131198757,0.0809232403329236,-0.029988783629514723,0.03729166781947602,-0.014798252790545757,-0.029791254572044984,-0.029300198058928504,-0.043604609966293624,-0.0032386590664950144,0.0027766655711021875,0.0641574168400981,0.03235321426660897,0.03244471064843999,-0.019610033552685664,-0.0446355359627493,-0.057652353596339925
s0311lre_61,0.0020348151655807966,-0.0027157427421855168,0.015197495204532294,-0.0026866399577741198,0.020079034144084688,0.030202436858024533,-0.007720130254916447,0.0055418530896892745,-0.045170689642336025,-0.045334043861298905,-0.0018604355677669826,0.03039835934731806,0.055800907469761726,0.050823830202569954,-0.020157397093325247,-0.05147768043271107,-0.05707420777347534,-0.0055917534362230235,0.026402808428404072,0.06263177258911742
s0311lre_62,0.0005501091042780868,-0.007099048926254052,0.009797512130264412,-0.008352257245423642,0.022266964090820265,0.02539010396734359,-0.002841148772139305,0.010110425013571013,-0.04992630506606822,-0.05063419164953662,-0.022237825392884682,0.011662429096927501,0.05558466051743498,0.057112809762059985,-0.00510047501069224,-0.03842827795844764,-0.06915255589265062,-0.03370140233856817,0.0008564205783554362,0.045778931660985685
s0311lre_63,-0.0015882073978003095,-0.02455109186142424,-0.01972618355744563,-0.07265923772408305,-0.08263921896826598,-0.09427955308693546,-0.13505432470309434,-0.10058189147496965,-0.07392198054030247,-0.052690944335656915,0.011404236952911343,0.03765821403300061,0.05236437856019219,0.06942697522879748,0.0707686301890345,0.05629232129439429,0.04433142690741489,0.013729001440926727,-0.006926262954962654,-0.019325723583009186
s0311lre_64,-0.048573371846791176,0.10413955800835564,-0.09526366078971472,0.10399189333845738,-0.07036152216001884,0.10339171373576152,-0.020268842301651286,-0.005817136788202097,-0.052655655779524524,-0.0430757102927853,-0.011837677886526543,0.022616288632707517,0.08347358664214945,0.03985938808577412,-0.017510399308140585,-0.04352636078802512,-0.06326662887148779,-0.011725638922593042,0.02740920971739764,0.06808261596492697
s0311lre_65,0.007711021604099169,-0.017489104725371643,0.009226878706604047,-0.0029504800215042633,-0.003271456531726756,5.2827552039559065e-05,0.04391016273487687,0.019409582110497668,-0.03494044897521785,-0.01977610146386732,-0.04164671440218464,-0.0653901814489154,0.0011358867700494869,0.03674824028897567,0.04981717012369917,0.040290572671815496,0.008923315140972578,-0.058798462010169666,-0.0619383704979563,-0.04662198167474586
s0311lre_66,0.006253561082569896,-0.005581495233926727,0.0055643973908343705,-0.00459439329236594,0.02140716580817898,0.03762079609232689,-0.013085902425603174,-0.005387557336979577,-0.039739970230093964,-0.04596259783680503,-0.0007899669084364381,0.04257830671268475,0.05549450953610763,0.042801509466319436,-0.024869659750363895,-0.052832434493895554,-0.05467641238470884,-0.0012047559711120136,0.028623304359730047,0.06051937354871292
s0311lre_67,-0.0017723628890566328,-0.005659882941256262,0.0065003076552340175,-0.008648139706404635,0.019268496735405694,0.029339043482000535,0.002948855148718131,0.01193912578297757,-0.04826854424320359,-0.0578194767050418,-0.03895153700762158,-0.005111109757743712,0.05093138306771231,0.0643164685178581,0.012463354756845098,-0.031172058835482845,-0.07270037682349972,-0.05187479003245348,-0.021137398018826182,0.030370390064690878
s0311lre_68,0.007941818377691383,-0.005278581737611043,0.009387402107709952,-0.0031100223107738867,0.017015775821154485,0.030784638998678508,-0.009537261770400353,0.005402948555346303,-0.04032933299645327,-0.054085951872719834,-0.012610492942550634,0.025849351233882312,0.056433293690233303,0.056053363890913074,-0.012522924817997123,-0.04827166305219275,-0.06495393511697198,-0.01726059016345606,0.018963114982490658,0.05625667792050941
s0311lre_69,0.00684351881830319,-0.008414760108732653,0.017919958119428918,0.0008427327576836722,0.04411639308047309,0.0522127892397117,-0.013727546575773701,-0.03059409080461471,-0.05355949413429287,-0.036542313803912936,0.058096884732843024,0.07637140948107383,0.04183307190665865,-0.019732235399897054,-0.05696003519751291,-0.041407033174666395,0.034744218537083885,0.06808036141860815,0.05961820771475054,-0.003151222834296538
s0311lre_70,0.006452897507920527,-0.006886132824493031,0.012842885276051683,-0.007462221933193329,0.012364857290482494,0.008245995674084985,0.004048330208696068,0.00011101951806072805,-0.034744376347069325,-0.03035220998468646,-0.037827217880957296,-0.027214014753708143,0.01943812216870199,0.038851845315321376,0.03837606666136312,0.0015741207590000692,-0.05046579593772131,-0.0656020369956061,-0.052432226254527065,-0.02164584010058836
s0311lre_71,0.009224539514055734,-0.0016658917033487068,0.022029628972292055,-0.0011616858059894206,0.018167643240200093,0.02375395958207479,-0.005213647475330574,0.00445320717666402,-0.046226946451410574,-0.04605157892566142,-0.020631670560578373,0.01609211666278695,0.05567104311600959,0.06003657844967402,-0.00459338896525911,-0.0462807699811462,-0.07090532713840692,-0.024277949905437583,0.009368934313315305,0.05632552935022544
s0311lre_72,0.003551035347177669,-0.008904281162942571,0.02418384194416892,-0.008084914255977812,0.01969061463955033,0.03241896219859868,-0.002759797838709562,0.007635368117037565,-0.052582095812694206,-0.055731608757487755,-0.0114778310304455,0.021886394850319013,0.05505882270574017,0.05683312851734344,-0.006246818723089483,-0.04533620673305377,-0.07152383203635598,-0.02251210990946651,0.016736010124207182,0.054694276678783744
s0311lre_73,0.009744157945518491,-0.005285040538411512,0.012877622465061151,-0.00724935931373705,0.0197768488378091,0.03374618538229992,-0.006504021584997388,0.006249656945502453,-0.04988486722416353,-0.05506006633729533,-0.013431543223008512,0.022586096416907446,0.05967229279884237,0.058930504342636254,-0.013933095947998863,-0.04684163752004657,-0.06444692468111916,-0.022586390220207947,0.014267332961112152,0.058704637610946665
s0311lre_74,0.00030297320594535826,-0.038365808163063835,-0.015249177579373075,-0.06971848830614512,-0.09269482833776334,-0.08792652705610723,-0.13451460243203775,-0.10558684247517063,-0.06825815240090703,-0.04878257981852196,0.018150132117693143,0.04620679346486031,0.057038394503656185,0.06720848704492907,0.0693775325696855,0.05288862178605094,0.03573112983176108,0.0013177968825781843,-0.013286279467892367,-0.024312639275026682
s0311lre_75,-0.05722140776019691,0.07700266785239376,-0.130544638538606,0.03948484474553649,-0.15879235318800586,-0.01948788080242357,-0.13407016356825796,-0.09450389495875831,-0.08848790600270552,-0.058118192120892795,-0.017958616764614316,-0.009397257959410979,0.060936252469884475,0.04933437135642808,0.060139770636488656,0.07531916631659762,0.06297047896011446,0.04379265239567301,0.0317295250979197,0.013101390203918423
s0311lre_76,-0.052452127103365324,0.1147387591545173,-0.10631032255544928,0.10921112535423011,-0.07473488484765022,0.10105469880609669,-0.014420812418748619,-0.013741858425526166,-0.05329689887937146,-0.039587189805184525,0.004268381686414396,0.023920826986303777,0.08452859042319565,0.039263020472756066,-0.03100980616065962,-0.045005850016590715,-0.04611475301944803,0.005677317388689502,0.039715774339539434,0.07053918319371219
s0311lre_77,-0.002231365836449256,-0.01810342783916782,-0.014441842942892098,-0.054808368532362546,-0.05804640810739445,-0.07711767962269478,-0.10282850747053447,-0.0893642916676718,-0.09916512833525142,-0.06673233773054428,-0.03168952906165761,-0.004190100601618444,0.03767219910615342,0.05160939529558903,0.05961298552063502,0.06749373313549999,0.06004811335396637,0.05044352057309206,0.034709374826336716,0.017844524284617466
s0311lre_78,-0.014935659452115582,0.06971235190937254,-0.1167966931567477,0.12196507018074616,-0.07775059146784308,0.0564679337743886,-0.006005192685136781,0.01240866145637703,-0.05506097364073581,-0.019992974627595576,-0.04508502398231142,-0.041912159741678,0.06195835348340861,0.02830718809131383,0.026873135113654523,0.007906749976565054,-0.05370778136260406,-0.08412248347780131,-0.03139322092790489,-0.007675018282297703
s0311lre_79,0.0016064835514495292,-0.03108793512266365,-0.02279146283819877,-0.0825837009850769,-0.08781831036413065,-0.10373602524513252,-0.1407823582730759,-0.10022029214130296,-0.0692609214705437,-0.0391326693686297,0.027474176259882542,0.047935663484689715,0.06429620089498277,0.07449665330340462,0.06752409938685744,0.04379212784921353,0.026796894883370104,-0.007564983666286528,-0.020822685068276257,-0.029755651927495512
s0311lre_80,-0.05422201228277279,0.08572971067778448,-0.12716287402888535,0.045862578681760954,-0.16391900246005028,-0.025072171992444853,-0.1362647586810282,-0.1023144764913225,-0.08972239067427207,-0.0536996274183053,-0.010632680678108325,-0.0032314415749820137,0.0707262701661526,0.05674285129217283,0.06386943243832922,0.07553679447348768,0.06455198921984795,0.038295324928923104,0.023663585524022934,0.006591636487127449
s0311lre_81,-0.05602276538184641,0.08511217230124803,-0.125638444300669,0.04702452184246463,-0.16289599052817647,-0.023232066579704922,-0.1326277021356575,-0.10049291250359366,-0.0906014574463292,-0.05335999964403396,-0.012013105676141915,-0.008253916159161115,0.0646010349116349,0.05415430926828057,0.0590507437144582,0.07236171479609084,0.06471339715232302,0.039075108060286516,0.022299557632384247,0.007039003357572271
s0311lre_82,-0.0469798180599252,0.09033069658344797,-0.09163554555086754,0.08762012889871103,-0.07661832684161096,0.08897852017587088,-0.0343843799025701,0.013384552940219958,-0.033261244587821155,-0.045550125722353084,-0.04975799226762421,-0.022858636147263457,0.04433404442043176,0.031230048737801386,0.042217229919436376,-0.005357622240321912,-0.06570651249565744,-0.06826474139292678,-0.04678359828920911,-0.008320682264444833
s0311lre_83,0.006364347866197106,-0.0030564761724547126,0.01517290248767291,-0.003391713100545225,0.024782440004609056,0.03384471499146252,-0.007087302417712423,0.004241390532807522,-0.04908600975437428,-0.049749505457499815,0.0009799017958659045,0.03788332549427694,0.0652696731986072,0.04990926013697725,-0.028400491860013848,-0.053164707646001355,-0.05058991341738456,0.004086144385652293,0.04039647060326774,0.06672491763850749
s0311lre_84,-0.0022732453346757673,-0.03271909000131781,-0.02278588714575999,-0.08228130228334896,-0.09078118440639332,-0.0992672185753615,-0.14253774167509767,-0.09933598489453857,-0.06416400214689068,-0.041724964482679636,0.030706238853789196,0.05036188590818525,0.05982236754784922,0.07519672269645936,0.06950847285148583,0.04201902199051134,0.02485569671514894,-0.007995065289722958,-0.02192014256739547,-0.03124764419370518
s0311lre_85,-0.056441388270444336,0.08467654075628538,-0.12374670508426865,0.04707602441356048,-0.15918921595944477,-0.02115046780775554,-0.13210638608712857,-0.09864941341298554,-0.09032079183488652,-0.05526827207679533,-0.01649352882335409,-0.007618949137563832,0.06279555941267122,0.05001196783450274,0.05847015295953851,0.0721882161532585,0.06508843443223476,0.041134388850456845,0.026893780976561435,0.009726130675306342
s0311lre_86,-0.046594356417797404,0.08867787798395299,-0.09046712433676478,0.08583074892208939,-0.07574613489268706,0.08822415032213002,-0.02961306722205623,0.017742998134412328,-0.025779840349160137,-0.04508497618170903,-0.05392355052908415,-0.03832175466078071,0.0321138612583811,0.023728725847179503,0.05502079148864486,0.014255831137996229,-0.04374103435836751,-0.06835047408044999,-0.05660512915035192,-0.03324600332894382
s0311lre_87,0.006106576264823125,-0.003234145351781706,0.013471265477594849,-0.0025016233949096737,0.022067081090703235,0.03331963366458518,-0.0057665264011257196,0.00363918359089063,-0.045619504794782974,-0.052247010322650916,-0.005761800758790399,0.030225077521803694,0.05967025259413478,0.05578137510021655,-0.019572727739007614,-0.0497841898603726,-0.05845791520108435,-0.008682219739441546,0.027783711079045897,0.062358565502621026
s0311lre_88,0.0051244205021833186,-0.006377423834844718,0.013872893121860031,-0.005872072016566586,0.02467741545977817,0.03346976312253708,-0.005478172804618489,0.00784605550475432,-0.050937839644505614,-0.05468680570007712,-0.012586248482166162,0.023791382719843865,0.06282005003677685,0.06035215208930775,-0.015379682751516754,-0.0482005944009084,-0.06455358137454839,-0.02046435861157923,0.017865292542671968,0.058853461282639186
s0311lre_89,0.0057117619004841665,-0.004951071392152674,0.014701983724174186,-0.004739092262748722,0.02112443357858815,0.03083587212607722,-0.008994669631974815,0.004589493163408946,-0.044665680195732846,-0.04865827712658426,-0.0020145728347386043,0.02826910145437702,0.05849568685166994,0.05291842880135159,-0.022670033320030133,-0.047716432478316535,-0.05701093297132382,-0.007526504267898001,0.0287230172438501,0.06074382403691552
s0311lre_90,-0.0006793423894176409,-0.028709550752999854,-0.019325337963880255,-0.07663041439280159,-0.08544065777971192,-0.0962036021901423,-0.13857947729960796,-0.09768222178860825,-0.06978411806048034,-0.04551746874041511,0.02085103392875689,0.04262323560295426,0.05746412896141876,0.071530110132825,0.06843601528492103,0.04695897443298373,0.032190583228333625,-0.000654304018831717,-0.01574674003096989,-0.02566538287058276
s0311lre_91,-0.05578768831379758,0.08370971784591298,-0.12397199377978751,0.04382301534341758,-0.15947625696003037,-0.02320278692910012,-0.1356367440918143,-0.0988138194088085,-0.08730237257204218,-0.05314002897033601,-0.01249970620995958,-0.0030177067043196323,0.06918504293197866,0.0539327999657137,0.0653355582229792,0.0753768940788798,0.06223968171148676,0.03956756088880356,0.027485568989049802,0.007384189400217354
s0311lre_92,-0.04764396486139696,0.0885000517625732,-0.0911553547424484,0.08531505268664225,-0.07635844986570009,0.0872454471846726,-0.034895174197527835,0.014500838211333068,-0.029383717028792458,-0.04613003245072004,-0.05012145895956687,-0.024090288243415692,0.03702043789101312,0.025322915648036615,0.049498656787768915,-0.0012070213858891181,-0.06137662666244524,-0.06731698617345447,-0.051779109686753436,-0.020005187979281778
s0311lre_93,0.004782836901879109,-0.004302952019121391,0.013574029808226303,-0.005269714049051132,0.02104595640527737,0.02888628276348907,-0.008483726218851217,0.005838764006364751,-0.047378149927828274,-0.0487457882439215,-0.008758312290323261,0.021994398560991692,0.058699093994523194,0.05579147047710967,-0.01716386638078969,-0.046806753991913905,-0.0605986238007956,-0.017574424974951017,0.018632089298739635,0.05656747190944453
s0311lre_94,-0.0011761795593411026,-0.028722759712897557,-0.01930258592704145,-0.07434382560359228,-0.08381328746483603,-0.09296901341816442,-0.13654482469198923,-0.0987193821718275,-0.06958248874095099,-0.049293254369306976,0.01776174613895565,0.04018152888259909,0.053754290804914895,0.07127607337134956,0.07039260745836258,0.050710194319048635,0.038030885164955064,0.0054724795100906535,-0.012072291738384498,-0.022178657391203588
s0311lre_95,-0.04697961625870383,0.08816273552497671,-0.09082612868157915,0.08505472123491306,-0.07525961122850426,0.08611459675660943,-0.035667517561924975,0.015590723300587687,-0.030323924734201882,-0.045483672594849076,-0.04951499524268895,-0.024792114711222064,0.03643984586761403,0.026107244225002414,0.048513934110054474,-0.0005453109846973962,-0.05905591196026377,-0.06882097638243413,-0.054237091880733154,-0.01951736100843009
s0311lre_96,0.004600591469818669,-0.0054353789462635044,0.011892752673917931,-0.007045769235022285,0.021073540902366183,0.029769159155387023,-0.006160153126661171,0.00816033674679137,-0.04788170555724224,-0.05279217654746233,-0.014309431036475907,0.01811515528781695,0.05771708177879278,0.05945365293153178,-0.010786056378480017,-0.04532815472063648,-0.06655318904391175,-0.02615307751733269,0.011534603940425986,0.05380405284401011
s0311lre_97,0.003823705294980178,-0.005797258266294077,0.011570923098400078,-0.005657146911643425,0.020050126057576598,0.03083738136487805,-0.006267035219700805,0.006990953030310643,-0.04719395094959128,-0.05662195456722517,-0.016563315965091665,0.016076396000448988,0.0549001387234356,0.06140537407527235,-0.007746305894642886,-0.0442656437168308,-0.06623261374095933,-0.02870671848236513,0.006861371662987746,0.051668220200255174
s0311lre_98,0.00404081821958839,-0.004960318560072671,0.012101797036527197,-0.004396947417747751,0.019154531342818918,0.031324919748890664,-0.007633685555242902,0.006024430814660579,-0.04499707272496008,-0.053641680053030244,-0.01311095639039577,0.0195859918957612,0.0548722199339837,0.058877648189319745,-0.010538547452253279,-0.0448821231038721,-0.06308076625136738,-0.02445454120401395,0.00963518306634834,0.054079502484093725
s0311lre_99,0.005146870569858636,-0.0036353040048572286,0.013633068127528684,-0.0029471380078375242,0.021368800146607768,0.03093942015923021,-0.006721960528989439,0.004450160987914142,-0.0457406729401818,-0.05093622147376472,-0.005634818729657685,0.0303719866529795,0.05784856658459813,0.05362769029583501,-0.01916933804678112,-0.049419458263793584,-0.057462466450349685,-0.009019133256920029,0.0252298400534111,0.06084934407640267
s0311lre_100,0.004304232566510386,-0.0051865638876769675,0.011556726365086901,-0.004959473952320707,0.022508170587200633,0.031013807280523758,-0.003875798299958528,0.006170559981983201,-0.049880772741663124,-0.05463801644135334,-0.016395916223562512,0.02097030929243649,0.05878009419105329,0.05959732123784129,-0.010045861154359096,-0.04712789831914377,-0.0668509625987604,-0.02310445710862818,0.012252513912428483,0.05529245300777304
s0311lre_101,-0.0011728197948091706,-0.02817835564594886,-0.018610664468426574,-0.07327472058704244,-0.0839769538718199,-0.09316437771942335,-0.13597791211886098,-0.10153906007069466,-0.07035715348540629,-0.051965714553928476,0.015613242440938391,0.0405716859795697,0.05411640218732291,0.0713119242019064,0.07176070898997951,0.053220143753689775,0.04009044606636885,0.00830181462733637,-0.010082629163386626,-0.02264838275210955
s0311lre_102,-0.04768525463206563,0.09128081532156224,-0.09151486847452293,0.08736672047191214,-0.07678795934663575,0.08502549012643086,-0.03604748954412389,0.01412974557595982,-0.028666898378083255,-0.04303519511391656,-0.04667842738106762,-0.026337761910991547,0.03810893951650636,0.024960790967348826,0.046637705681047456,0.00022928659577365465,-0.05741694767133316,-0.06697940875312304,-0.0499497255972049,-0.018835945031021914
s0311lre_103,0.005761157545271716,-0.0026651345255375176,0.014262062699427558,-0.003515770843977848,0.0218119193037639,0.02893539611509707,-0.007884982555892461,0.0037680992236177628,-0.04572413535221081,-0.046593777353763306,-0.003386087646866001,0.030179303481746876,0.058645891167246764,0.05093306584491792,-0.021622179288888554,-0.04995150884199148,-0.05530666881293831,-0.0054903275980820445,0.028350995863373588,0.05996391791606658
s0311lre_104,-0.00090807964948737,-0.02710786223295952,-0.019732834811497527,-0.07473479508884291,-0.08184257310206412,-0.09730350553621192,-0.1363940406249644,-0.09958871433305633,-0.07428322198651217,-0.04930644370669823,0.016434974312683294,0.03907412726747145,0.057288287795265916,0.07183379747882897,0.07015680978745997,0.0533000496903647,0.03868398292335327,0.00588930526651734,-0.011017640332888032,-0.022787404894830773
s0311lre_105,-0.05485085467824213,0.08697629599741932,-0.12122777278155619,0.04838195911504818,-0.15644807127535937,-0.018649489039653147,-0.13578905055386442,-0.09717185049529475,-0.09213688499042524,-0.06050771644822332,-0.021870788768736115,-0.012109368855350551,0.059996229878129095,0.04738596189948593,0.06031872975664446,0.07439733729036978,0.06473308761221926,0.04616203484239494,0.0321002635962443,0.014105338050361066
s0311lre_106,-0.05578293888007538,0.08590769206163357,-0.1225645230145656,0.048786187296858144,-0.15545696999660288,-0.01749063086733645,-0.13271759189925111,-0.09582829920998769,-0.09085303116708736,-0.058552202375437803,-0.02125343424371223,-0.012585087885553492,0.05883886554274056,0.04462865909514063,0.05743643063540882,0.07248184667373458,0.06422535510180122,0.045787641839886324,0.030893980675306854,0.01386261995430715
s0311lre_107,-0.046450856962400505,0.08833063764212536,-0.09004369774827953,0.08515248146140067,-0.07584312755574144,0.08563706686059835,-0.036613016293699285,0.015954213007708388,-0.03076942466030572,-0.04350371054933734,-0.04725737320765168,-0.024898926627534866,0.03760106523837749,0.02515948025477381,0.04631757014208191,-0.000999603601562534,-0.05797081306536947,-0.06705450285704363,-0.05111293500238213,-0.01783266782253676
s0311lre_108,0.0041306118364096665,-0.0048037468997113916,0.011593197798158093,-0.0055254522648100135,0.02216240238562423,0.030705790031233887,-0.0037204896746789993,0.007495776238560804,-0.049657740111382284,-0.05578630444440125,-0.02024705548705593,0.014275524835977292,0.05644505883275622,0.06173626671566945,-0.0056942081564544745,-0.04443914183859058,-0.06949399496052032,-0.03112092215972703,0.004673773016396383,0.05069968538125861
s0311lre_109,0.005264588741243898,-0.005067158387146851,0.012847097991405045,-0.005301591229695369,0.02056851487737162,0.030673085331928123,-0.00785098752562083,0.005523897202155587,-0.047016125821086295,-0.050866603289253534,-0.0075044700543508685,0.02459342897180348,0.05795115440625283,0.05685139082526924,-0.01646907669837528,-0.04852634355899759,-0.0612792032258699,-0.01568738826896987,0.020799304221565694,0.05954278380054957
s0311lre_110,-0.0029532821691587116,-0.031111132635136887,-0.021341803630898958,-0.07527272651804671,-0.08329081823395622,-0.09292625952713962,-0.13538139772590732,-0.09631015547465072,-0.06994431695767368,-0.04800564932967131,0.01942186201394308,0.039459943223955116,0.053578553286480916,0.07127935840398501,0.07059790771124563,0.05125730632206046,0.03795299272868233,0.0054511833406811015,-0.011370361825342876,-0.022494501664462263
s0311lre_111,-0.04609756651238543,0.08700831179669542,-0.0889967670469055,0.0840492662175131,-0.07676437647508381,0.08455031568415192,-0.03673439256828838,0.01592879694912212,-0.031198201105590406,-0.043632797853913545,-0.04931940901353206,-0.027854050177223377,0.03723210040978703,0.02565429734234041,0.04862476198791866,0.003229177643175868,-0.0542756269196685,-0.06715896370401468,-0.053544783140719907,-0.022853242373445992
s0311lre_112,0.004234408939554583,-0.0034857773064665295,0.010870046130157822,-0.0035563462848108613,0.02095371143609476,0.03151287426358294,-0.005570604881310189,0.006222575452214121,-0.04814158432567082,-0.05333794376916724,-0.012403027276816105,0.02301497199588481,0.058928866178352766,0.057619407252952344,-0.012677635039739189,-0.04764719897564726,-0.0652269696998669,-0.01968167512109553,0.017199243557185804,0.057491842428760404
s0311lre_113,0.0046062638781083605,-0.00515927789066414,0.012973979213296747,-0.004868627602186433,0.021842178812606375,0.03137240497418632,-0.006289981814389451,0.007237420200184689,-0.04870771805827456,-0.0517052218665637,-0.008898121501394674,0.023474343748769964,0.06079852215880086,0.05693295858282782,-0.01737287659400487,-0.04783961746419318,-0.061974098094558776,-0.01621971855938433,0.021890741545309837,0.05931612240237765
s0311lre_114,-0.0014668821394191562,-0.029274254553060396,-0.01912112804593356,-0.07505692901303887,-0.08315800789287994,-0.09311180159655479,-0.1372801020349546,-0.09859446415615798,-0.0706300963335665,-0.05049059837757466,0.01786514735666754,0.038984595710643194,0.053684025596579796,0.07256746765374797,0.0713430469090048,0.051771577050667254,0.038361425283626224,0.006143912770609773,-0.011656055313473706,-0.02300011419622831
s0311lre_115,-0.047067167676888746,0.08903913991074146,-0.090712821238533,0.08556159780494452,-0.07729009969929461,0.08586441593360673,-0.036695790048512214,0.014259413371460212,-0.03040174536181484,-0.04415263381473608,-0.048252423987028635,-0.024328442503042804,0.039368991309600546,0.02554742266846211,0.04743700178825554,-0.0010182822259552598,-0.0594787985591538,-0.06769253147395982,-0.04945580681568359,-0.018116239273992876
s0311lre_116,-0.0021012541441682332,-0.026553189746272562,-0.018944117668276857,-0.07385491479661373,-0.0825103819483821,-0.09569582587247541,-0.13710617668574548,-0.09984168922440755,-0.07338554721616941,-0.051363051934679604,0.01700200070022555,0.039164067571896104,0.05571159665066289,0.07254388266896535,0.07166633348176253,0.05379303114373367,0.03982605218064577,0.007249531726811566,-0.010219603290595286,-0.022586799399439694
s0311lre_117,-0.04803760206063025,0.08907417886582475,-0.09212392254712211,0.08575774245587774,-0.07698879812387825,0.08722052460674158,-0.03409475529276913,0.017047287563525908,-0.02654951589828311,-0.04514240697842778,-0.05092936955311665,-0.03162629315633292,0.03271789864514931,0.022730962622870242,0.05483309610694034,0.007194965222731491,-0.0505608364657473,-0.06743735354289604,-0.05655587926745067,-0.029979022218806634
s0311lre_118,0.0033218906785802394,-0.006394424397770594,0.011331361179281916,-0.006403606744525362,0.018717842987557038,0.029802444425037645,-0.005825809297960313,0.007281846647752392,-0.045914699824013784,-0.056270660319950185,-0.01944999411263964,0.012707731579122505,0.05298205840243474,0.06160650915707399,-0.004599657289823717,-0.04217817465150911,-0.06746966106360232,-0.03387885076774144,0.0002387387675637066,0.0469367852675602
s0311lre_119,-0.002886758832926332,-0.030125820425815554,-0.020973325535706317,-0.07384654951760113,-0.08482141028945166,-0.09201800934538132,-0.13371409134048892,-0.0995560575191491,-0.0671886661505502,-0.050050994471328124,0.015054945418248795,0.039775271112508295,0.05139113019941608,0.068847100262031,0.07132125398948976,0.05270897437877726,0.038258543715,0.00814800607227484,-0.009283260236316057,-0.021748657238309314
s0311lre_120,-0.04641951463484948,0.08714787289172013,-0.08953033588380589,0.08491355786451195,-0.07567061356183229,0.08714233088716668,-0.03541153604249824,0.018087642848785414,-0.030266088417147948,-0.04530052953786635,-0.05083231262356748,-0.028473023883562903,0.034006235110220426,0.025374630107238387,0.0517990582351422,0.0034758059709516054,-0.05372674077779041,-0.06859036964264661,-0.05609486016646935,-0.024042857050989245
s0311lre_121,-9.520667084282572e-05,-0.026806257840065375,-0.016543116158184476,-0.07230748632374853,-0.08072642512977186,-0.09247719169737063,-0.13638345032696852,-0.10038222363127125,-0.07440435980107758,-0.05500056963874315,0.013411099000687411,0.03677051656061085,0.052228956502114905,0.07111836942613951,0.07235984777923997,0.055090910231952665,0.04311412177534705,0.012225052798374453,-0.006970223340054804,-0.020442376304455473
s0311lre_122,-0.047977107000437856,0.09077393875860605,-0.09146689328811584,0.0868420798752497,-0.07776026958694078,0.0838305136497853,-0.03743041720336844,0.01382741088776246,-0.02803934697122377,-0.04305760200735941,-0.04541930317400559,-0.026511193033347313,0.034990286030535396,0.022109001692694363,0.0494475311261925,0.0027930564870723897,-0.05332779012523657,-0.06561440166030351,-0.051129686051645355,-0.02428068883418882
s0311lre_123,0.004907399069222593,-0.0018810874696346348,0.012605287729053744,-0.002445957124608474,0.020631053993056925,0.029133241992343392,-0.006084781202771702,0.0042662297335648745,-0.046629637349121206,-0.04792589155636178,-0.006655569755460205,0.02719267467241592,0.057815246726466776,0.05365305862480766,-0.018778191155303707,-0.04885322535208726,-0.05840490795744208,-0.01063272123453904,0.023532261588148657,0.05930149255810236
s0311lre_124,-0.0026349346823380834,-0.031090467305913794,-0.021871822056760026,-0.07691077195403538,-0.08293402233948441,-0.09766725803149882,-0.13517399064110888,-0.097061197915479,-0.0726588055981752,-0.04696850167928986,0.020407468580778854,0.040752158515473834,0.058345277873707524,0.07276953542092672,0.07098913462390974,0.0531464204152491,0.03944398163717573,0.004944744890231779,-0.011364609906472945,-0.023918132037948025
s0311lre_125,-0.04656025328708489,0.08756465743070074,-0.08961379964143999,0.08479073532132707,-0.07626751482396324,0.08675293499604757,-0.033462848454463796,0.018876124065590867,-0.02599329388124111,-0.04377534838079184,-0.051479910177522924,-0.034113299316848124,0.02916941942970179,0.022010374382271356,0.056122792180567364,0.011478105913110808,-0.04523370659721202,-0.06732136834155951,-0.057003525580156804,-0.0348074505121445
s0311lre_126,0.004266530560602688,-0.005636091441545575,0.012084658454551193,-0.006011126732942773,0.018058034018575784,0.028209482714000002,-0.007713551586494999,0.005948052292737846,-0.04253000903528345,-0.05414562605014007,-0.016886554518749482,0.014375458513282709,0.050084249734344145,0.05942367114011334,-0.005700355465017442,-0.04178609590473449,-0.06475874074818518,-0.03128645014993153,0.0012448058121668816,0.04672972261348105
s0311lre_127,-0.0008029942799356415,-0.026873580942962615,-0.018750984780435936,-0.07222500004942405,-0.08350231266496892,-0.09424508917272004,-0.13446983963829742,-0.102258365873107,-0.07104066785618676,-0.04999882087813001,0.013334241622628366,0.03982068791691295,0.05487534750566712,0.07023214766218289,0.07094955586336534,0.053998810461139385,0.03815226802910579,0.00667661178358241,-0.009496669171299018,-0.023183663079611377
s0311lre_128,-0.05578348869220784,0.08385178511467231,-0.12316583437533547,0.0454094378309358,-0.15823623104818987,-0.02041230990333827,-0.13644312746511902,-0.09712804189471129,-0.08945995214451921,-0.057744579944415154,-0.0177487305500384,-0.006917953960575384,0.0646774569268335,0.04995367218299438,0.06376713426225727,0.07511791162393397,0.06356841205539007,0.04406703920727399,0.03058557230556426,0.011148240775468799
s0311lre_129,-0.047008350738212516,0.08999001208827567,-0.09117610610834198,0.08615890910709514,-0.07833310647518309,0.0857070831832612,-0.0395581930355417,0.013719134696078156,-0.031742150783410805,-0.04147584469521685,-0.04481919898972524,-0.017148334709370654,0.04128252391129416,0.02608540887322047,0.04075732388695639,-0.009612587001313348,-0.06677911983205351,-0.06368024013543726,-0.044283696988751675,-0.006410487357872519
s0311lre_130,0.004635702690208134,-0.002853675020619761,0.013795814280761418,-0.003886849331324417,0.022030447487863744,0.02867193186003567,-0.007650383990668006,0.0069070426600077875,-0.04716814778218811,-0.048210241501469166,-0.006971977518000246,0.026446695723464274,0.06106854352625642,0.051822753246230445,-0.01947100667240243,-0.04750888414089204,-0.05677108747026717,-0.012512931120193685,0.02297578068531,0.05842533155909991
s0311lre_131,0.0051790214988304524,-0.0039315659114872335,0.012320535090797082,-0.005158341855551979,0.02282790960940925,0.032703370297213284,-0.004448390034194858,0.004907168434602288,-0.04970554241305604,-0.05450276957005793,-0.013016334435195787,0.024549583153474084,0.05897709398205714,0.05798655899419219,-0.012479400541314363,-0.048096012095275094,-0.06474991395777202,-0.02012565924811069,0.015849677332594042,0.05884790367434991
s0311lre_132,-0.0004665201873400044,-0.028934565769463308,-0.018040870125891915,-0.07624984579077816,-0.08550630923913799,-0.09598818710261985,-0.13997344084267097,-0.10258781539978029,-0.07023108200023001,-0.049536300985601515,0.018932910549784222,0.04335003091222121,0.05713106663253857,0.0730462408406099,0.0714442425710801,0.05050654006426541,0.03594534577644389,0.0036557604144985462,-0.013574150227444674,-0.02579385427307233
s0311lre_133,-0.057819660018513463,0.08524409760411122,-0.1261380414170382,0.0474713052738792,-0.1600640061657316,-0.0218173731050255,-0.13301700857679877,-0.09866175646333061,-0.08899889318770411,-0.054837110086571446,-0.013819419039434636,-0.00887145186170093,0.06183892695033934,0.05100597220576931,0.05894750649875397,0.07211693600017798,0.06468941401646575,0.0419839969955835,0.025375055510567724,0.01017008674130616
s0311lre_134,-0.05666672651429232,0.08159597688422436,-0.12447299994288379,0.043871337405423025,-0.15922501888475818,-0.02242048473058016,-0.13443378958335597,-0.09525812180646387,-0.09093811268369749,-0.05211067533014135,-0.01342834771810988,-0.006881315750515052,0.06316957168486247,0.050839994425557956,0.06023103387696718,0.07110925794322785,0.06399583361263694,0.04033451864608858,0.024369655524589057,0.007933445569893076
s0311lre_135,-0.05545631034239594,0.08120327777302815,-0.12334831821634085,0.041681172837449834,-0.1613581370864172,-0.024385168379405252,-0.1388908022927885,-0.09795044630187896,-0.09091151400922172,-0.05129721914607292,-0.011826214718078949,-0.0015521258240892176,0.0693426367953954,0.056200244939816166,0.06605577262048783,0.07372854937061474,0.0635950470379913,0.03841242637090001,0.0235466396048862,0.005391835591180834
s0311lre_136,-0.04897964914790778,0.09153284446064266,-0.0935485336221218,0.08805606421447958,-0.07799347673518099,0.08910668200721937,-0.03558373745779312,0.012392308232287342,-0.03132224884485186,-0.047058343181016274,-0.04876021302339375,-0.020477750055712025,0.04387705561498628,0.02927215442394499,0.04264896507949452,-0.00640766493341193,-0.06828413880248368,-0.06768993412849753,-0.04594472708643885,-0.008724349239612277
s0311lre_137,0.004633352231218249,-0.004123007067618992,0.01432600142057453,-0.004057466349214926,0.022158800994207955,0.03062757352245297,-0.009234618233666793,0.005596754528013106,-0.04795250100939272,-0.049493947142616325,-0.004872011210063017,0.027406505960498984,0.061306948942121096,0.05367590496717433,-0.021639490286475244,-0.04825568993780059,-0.057225443966834724,-0.00996702501500607,0.0251695762714941,0.060817313045410555
s0311lre_138,-0.0024715536452728087,-0.030363417771899787,-0.020771259199982496,-0.07647433765854023,-0.08669084532558823,-0.09434752802436497,-0.13836921276394926,-0.10032733907804973,-0.06536165071330968,-0.04560957290842057,0.020182302271525517,0.04443980653522141,0.05522082802317301,0.07133628607800102,0.070393757182242,0.046806421450069746,0.031146921472859496,0.0007689098410512702,-0.015923172586617743,-0.024303863754261933
s0311lre_139,-0.04684912107350769,0.088977813357815,-0.09045177473959196,0.08561693557197483,-0.0750785543381352,0.08718836934229311,-0.03642972209315723,0.014246485486607733,-0.032016952823750174,-0.04632167002460084,-0.04937848359675453,-0.020049681639371743,0.04081337889769903,0.029739057493646425,0.0445007416256167,-0.006647788928971468,-0.0661326598904476,-0.06756810638344236,-0.048703851301038846,-0.011193220718640814
s0311lre_140,0.005594981704081107,-0.004848179081277421,0.014496962024741709,-0.0053480115861922915,0.02419122449490878,0.03230066133469105,-0.007432993504657366,0.007286307990963978,-0.050208128597930494,-0.05042325268241552,-0.005358579416060247,0.028169190692653636,0.06423553922584897,0.05451999123626789,-0.022234100148547698,-0.049780511366769746,-0.05874795163587949,-0.00896900280748635,0.029480315575501456,0.06295692340367694
s0311lre_141,0.004612286851630773,-0.004896090908310529,0.013653460491726523,-0.005305875972198779,0.021482276767051927,0.029348161066985165,-0.008583919752868863,0.005913036803793834,-0.049151258860270726,-0.04937708831957727,-0.006620438781497643,0.024282398918926935,0.06083660052219567,0.05586009402596441,-0.019546226362383304,-0.04833525756913231,-0.05936048986340843,-0.013665673534736127,0.023237972513701514,0.058897395229628335
s0311lre_142,0.0045176524219285195,-0.004130093604119047,0.012316313385366491,-0.004334217448547209,0.021368970172684562,0.032399112551805366,-0.007792213976953081,0.006851591513798662,-0.04791153466178133,-0.05250278107365849,-0.009662467273746138,0.023696435461338684,0.0594659941369272,0.05683567880026358,-0.015753867646374684,-0.04734482426453038,-0.061524090570481596,-0.017144065542116147,0.019470365413625134,0.05781375381496603
s0311lre_143,-0.0011126030056530845,-0.028495165349284965,-0.02041122654118109,-0.07703414786446344,-0.08626978473662546,-0.09777170159858783,-0.1381447932863443,-0.0992302036812455,-0.06764375415284471,-0.04545129744411572,0.023588890764708,0.045887370292321185,0.05951104424540426,0.0740233114763461,0.06980903998534357,0.04756333007697939,0.0324974978095723,-0.00037984804929683665,-0.016150197498648433,-0.02752975728779492
s0311lre_144,-0.04770314819344833,0.08925556243711895,-0.09225303514645976,0.08595821645079813,-0.07640026697745164,0.08665439108643785,-0.03416562681613093,0.012713260992591612,-0.028637678783166167,-0.046392243307611214,-0.04899483491482481,-0.022700902024709355,0.0386931354801008,0.026120404227308786,0.047329884293473366,-0.0028541822330543144,-0.06445782072795485,-0.06713433213127235,-0.04847910017000366,-0.015398403848368247
s0311lre_145,-0.0029001954248259972,-0.031105654534061847,-0.020123057783288437,-0.07537048158637795,-0.08342107274007016,-0.09128234841257515,-0.13362624688681224,-0.09630824693941639,-0.06717536284052386,-0.0462555099157408,0.020950070124066737,0.040379537401316605,0.05243571497793974,0.07030148834759911,0.06969853592991027,0.0490944813113611,0.03462212873133758,0.0034592985225813276,-0.012458275950628898,-0.023391397217959298
s0311lre_146,-0.045162965243457004,0.08688932417163168,-0.0878173154710135,0.08452548067597504,-0.07428511588938339,0.08496239393482792,-0.03596775688361201,0.015956603360758888,-0.030374050158282127,-0.04238801514932289,-0.04714734046918823,-0.024644366620888626,0.03794227616402287,0.025185897006137846,0.04424316697785758,-0.0017918138689965897,-0.05681678462329432,-0.06566779810177809,-0.048876869551053685,-0.0159358344678313
s0311lre_147,-0.002707575680084784,-0.031538611447030435,-0.02201913632632478,-0.07812859251079987,-0.08593123007927334,-0.09793729174404947,-0.1363853069304497,-0.0981778631898342,-0.06568633211940342,-0.04212609131900462,0.024449911953033816,0.04743979346607187,0.06003482524614664,0.07188416087126559,0.06862514192709748,0.04663350394684937,0.03009167079006088,-0.003170985554078951,-0.017322453555207003,-0.027934990076235643
s0311lre_148,-0.053580569700513836,0.08449440126267879,-0.11857050681524434,0.04635022168939591,-0.15466285802738766,-0.01953854175714166,-0.1323396698730657,-0.0966011023876143,-0.09176573272730909,-0.05791931334100318,-0.020329764362292044,-0.009892913884608133,0.060775446803360715,0.04916971209052144,0.059435413746434816,0.07274617489978209,0.06373447265659017,0.04418684498616554,0.029516028854075487,0.012576524094844267
s0311lre_149,-0.046478526346604807,0.08984163854438601,-0.08985853014904602,0.08702925298817465,-0.07465363060180735,0.08572956377534209,-0.030350798591508396,0.014842926066865362,-0.023866382932061284,-0.04354549228241054,-0.04979469208981002,-0.03482816695539412,0.03293091196686056,0.02325660490782298,0.052824188141965316,0.011667857750120109,-0.04514685756556585,-0.06691809518705828,-0.053300659698036594,-0.031019894900546772
s0311lre_150,-0.0007792068217701736,-0.028872885517015227,-0.01849462105299865,-0.07339599080489738,-0.08335174724770489,-0.09231511868614525,-0.13348036720146514,-0.10275352565798157,-0.06531199397629243,-0.04895364151217066,0.014931752177965512,0.04231294782954856,0.05240636250724319,0.06868069515772222,0.06957917148833236,0.05080843402094577,0.0333656509291226,0.0043282456730558356,-0.011606490999641292,-0.024262136231450755
s0311lre_151,-0.054537258760800136,0.08229675808049768,-0.12199339663415763,0.04320581438613564,-0.1578538229859743,-0.024076065689661273,-0.13612324670696052,-0.09791284113767877,-0.08873295583688486,-0.054335422646399234,-0.012871418477823863,-0.004082095364210394,0.06655240064654655,0.054761073571297225,0.06522409641371929,0.07369516884739512,0.06271415374084943,0.04055669404899275,0.027095140233491813,0.007225069621820104
s0311lre_152,-0.0475268916866619,0.08951214703024794,-0.09165666504533311,0.08595583306147138,-0.075956250682892,0.08799934087487342,-0.03189626334339447,0.01563597235193473,-0.02637579729977774,-0.04720724043746282,-0.05300582632549212,-0.032748575981490405,0.033524322651696886,0.024867522976021905,0.05450330131401098,0.007934708226212348,-0.05268219517196607,-0.06911005969673882,-0.05638646769993955,-0.02976260265882063
s0311lre_153,0.004417041116913774,-0.005517766948329892,0.012376163514621863,-0.005431298141006775,0.019600775724226457,0.030686334567707675,-0.0075757461526077844,0.00581047123204588,-0.044849888374122404,-0.05404762558451734,-0.011487568811523659,0.020508540998843826,0.05532393570551954,0.059184191567505894,-0.012639539178910282,-0.0462808089161903,-0.06357186408409378,-0.023433716344263597,0.012170583261059948,0.055740777974488384
s0311lre_154,-0.0025465841288228462,-0.03148775183217357,-0.02163819200447513,-0.07512874683367908,-0.08459665446652434,-0.09266659043501436,-0.13584887188776357,-0.09844184670224977,-0.06773959502803689,-0.048011677239421006,0.01890710052029879,0.04146164186417685,0.054273464291333215,0.07144943656499031,0.07060804190988167,0.050522373766245,0.0358392331297247,0.004538677889777743,-0.012736286235927452,-0.023856275861759292
s0311lre_155,-0.04575972497640872,0.08527800555074917,-0.08936282888128001,0.08296535796779683,-0.07475355491001597,0.08735087408844838,-0.03398383225386631,0.019295696137366418,-0.028233375720386623,-0.045315056983746424,-0.05377870774822293,-0.03180994803229353,0.03031663810124713,0.024096478198593018,0.05580530891256757,0.00852585779899107,-0.0481926869126805,-0.06790041797396239,-0.05942056394076241,-0.032329631328729076
s0311lre_156,0.004451713973744702,-0.005385998437500623,0.011804878268734081,-0.006046518789602922,0.01994866626915297,0.028504915403517198,-0.006964331572515058,0.007615717782003477,-0.04792913405656441,-0.05145089095257811,-0.014995826355816656,0.013887708546461807,0.05567822226180836,0.05896814185649049,-0.008265277778945724,-0.04241240377720576,-0.06824501133803229,-0.02997669056221351,0.008702285899515922,0.05160922196188896
s0311lre_157,-0.001010540157075522,-0.027350446193917754,-0.018092392742674396,-0.07256881001189786,-0.07958708351876147,-0.09194438459174782,-0.1341105007651605,-0.09594901000775097,-0.07813473207997253,-0.05708818076338039,0.013935487413866323,0.032374505554706966,0.05235754580341426,0.07261739509501026,0.07086653498251994,0.05842224763175679,0.049095362376978105,0.01621312235225867,-0.0026667588750623325,-0.016895461357707964
s0311lre_158,-0.05544072605704061,0.08368352773809096,-0.12015247849221994,0.047886049620440546,-0.15295531252469335,-0.012564222555302871,-0.13414466382649878,-0.08946489877763789,-0.0917505667232225,-0.06417482660111153,-0.03187544747194858,-0.016004885062688625,0.053407271636881755,0.03609061682472018,0.05704484883885095,0.07277240887467615,0.06194803418274472,0.05039100534311945,0.03964269132508275,0.020727727771865802
s0311lre_159,-0.05408171788905756,0.07994524528613312,-0.1177022556781903,0.045276179461217134,-0.15032592952824714,-0.013522627040393682,-0.13353702215744032,-0.08759378750032656,-0.0927855035124583,-0.06180489674373958,-0.03388496737941755,-0.015136628414575286,0.051681248319093924,0.03566541432378947,0.05749650919573495,0.0707796434209743,0.061709458387002356,0.051104242682335044,0.040388787179374726,0.02122142054645159
s0311lre_160,-0.051731724605899976,0.08227051487048294,-0.1155865264367819,0.04551472747081122,-0.15227649237158944,-0.015161228262536982,-0.1371921583179518,-0.09006005455593943,-0.09515500866986742,-0.06217524713285616,-0.03281386296273312,-0.013466950168758705,0.05389335239861395,0.0388439094619606,0.061133167679135327,0.07233722394550153,0.0623989940640896,0.05082510626613828,0.03825545382054411,0.018043926510640223
s0311lre_161,-0.053270615708255156,0.08658416872326105,-0.11713979702858712,0.04929748498588645,-0.15152912743052765,-0.01246855392009819,-0.13565608467641616,-0.09218400374641143,-0.09374057142408969,-0.06694620250934456,-0.03488394680788346,-0.017935802054802014,0.051179640479941904,0.03527784616362568,0.05818249265533159,0.07287518947179887,0.062222629800498495,0.05227877393825294,0.04103303452218539,0.02162203984011392
s0311lre_162,-0.046591203081194535,0.08869383511473969,-0.09024018601800407,0.08475082314904601,-0.07631702221951783,0.08447859991630499,-0.03702101961512919,0.019797132078188274,-0.02618276954727257,-0.04215195494900412,-0.04606668005982467,-0.03094792062190201,0.025578207365743382,0.017550936386385007,0.0566916032393284,0.00886618194676895,-0.04298660431982885,-0.06431066785188139,-0.05934030901191363,-0.03586682016879326
s0311lre_163,0.00381956588495524,-0.005718876461327894,0.011248045833865418,-0.006784878075313529,0.018204641857397653,0.022998985784238667,-0.006691947622249301,0.006169989447876892,-0.04408207493427734,-0.045054365469530816,-0.017380295131721162,0.007681877934997305,0.04864092443202788,0.055964188487988877,-0.0025479862503930977,-0.037770600708412747,-0.06700518177480533,-0.035707767831447454,-0.001139018373126542,0.042770624906294415
